61335
49691
89569
104075
163189
103428
85904
118087
73474
51418
82285
168553
62985
120574
54844
112860
80191
55542
61007
165142
48734
100412
86084
123116
51121
62446
93922
101206
103475
72698
85468
137696
142067
120765
54402
80499
120421
123278
136734
129688
95009
150129
54393
82356
136940
98125
52028
97434
61799
95674
73466
141971
107245
173567
158071
68286
167155
60143
101846
131428
118370
53928
165943
64924
98767
97374
83318
138741
138846
52808
49224
79589
57269
113068
69588
95934
154497
79033
106550
68680
88708
86937
91841
129568
78058
97150
173770
88243
163458
78218
90229
147563
135981
127139
76119
89983
80821
166853
98101
170115
93974
142872
99325
69519
96085
59973
57839
77881
159783
151203
89495
100738
127499
61390
91676
131903
97937
70382
61688
72415
123102
122861
122846
139798
126902
113168
166124
65099
93847
78984
48689
150586
61144
101556
163774
133329
105361
67654
81215
49628
73184
52851
60761
99296
95103
79721
88714
67862
61831
62334
97210
58337
108697
49344
108552
63110
60578
104889
80576
49357
57643
113483
172096
61715
72775
96455
112516
105751
52876
104398
113926
108712
81400
60452
73781
78083
61726
166051
107168
104514
63335
65806
166295
61496
103188
74017
79997
91132
132370
137401
51798
51237
103492
79554
69075
97702
96267
69865
86768
93159
85295
48921
48740
82586
132323
112128
116125
101960
63258
52546
104051
69231
72874
79454
149454
62924
104280
107351
88180
61978
93545
48271
108310
143481
123466
100915
61380
156299
126457
52853
119619
98486
100753
80511
127362
140371
113176
72471
125793
98893
96748
89321
63132
135467
67593
89447
89260
50364
174195
155481
116565
94619
48785
142471
118147
101649
163585
98821
122686
80857
60329
79531
63456
60282
110236
162986
94839
88599
49420
86096
101115
77450
69419
49883
136517
113669
135666
63473
116172
48590
79394
60994
141270
110903
73391
63403
162839
164509
122292
48904
93834
63125
171981
48533
121492
124729
49191
75667
92745
96328
137216
61228
51018
72693
63466
113213
48221
88172
96331
48791
142083
54026
77012
165224
56042
120273
95529
168932
95786
90946
157656
52644
58297
171338
159630
60456
174049
50742
48826
76973
49258
85002
72929
72747
100035
141387
90616
106194
170706
117688
58283
67389
93558
64084
50623
114172
71808
72557
122695
84066
48259
48399
80863
55872
115971
78737
123147
126367
131934
119183
120438
103357
65404
129072
87186
92909
53515
100857
111239
103194
123129
136993
50490
105636
51966
96435
122338
116045
78206
113072
143932
60543
48394
52307
62944
82630
114175
163331
105064
118740
164818
113060
60552
82827
73551
168200
79239
73558
78456
161572
111899
69580
81546
65482
167153
86692
68602
105630
153156
114580
80618
85704
168257
89274
61910
53249
138669
83638
153517
69424
80546
120376
101732
64438
60812
94453
99956
114562
123307
88248
97559
70108
48459
165111
160368
115574
103865
62031
123235
49949
124291
60478
61738
83075
60414
60169
104042
90153
92596
57830
168871
103507
102366
53825
144979
63953
99207
69451
62616
141581
67376
53190
114472
49673
75044
121496
159600
115937
54924
62490
92426
129614
83552
108412
83625
156983
165098
76712
81391
54361
127888
163339
98123
50566
153442
77665
63678
149317
62606
148029
68007
81897
49947
174882
115543
63856
163923
48746
77371
166947
67039
63006
93733
120367
105285
99201
113010
111122
169669
48516
125423
171296
84689
121293
74924
86682
74323
74557
49465
85237
50182
74044
153152
68413
81682
64986
171103
67233
58345
50667
51193
157776
139418
96815
89478
78568
117014
120516
80275
94547
168288
72446
73085
65380
83670
168672
130949
59969
166339
58630
159321
141250
158670
157628
106495
89944
113037
140263
52619
67077
88206
102426
94857
112586
48838
89512
138543
98758
71874
93269
132856
58576
115524
142726
121153
75886
87824
54407
48510
60826
103658
72783
163487
60792
91618
86425
49316
72539
95649
63261
114772
107693
156783
78766
61179
110940
50912
156634
118759
75330
83884
115106
105368
151479
169940
126887
52153
78498
121395
94469
121707
96479
90963
83162
139987
69551
83483
152032
100396
79061
138875
79132
69689
48829
154799
53459
120524
123135
50154
99780
121498
55142
61585
78334
98904
138037
57646
99333
99719
62554
98644
171019
72457
145844
80247
83913
103446
73478
76100
140947
83973
158032
69009
93796
162804
54369
140254
88393
78497
63913
60902
103523
77388
140737
54400
83394
92768
69433
54510
82418
80438
49197
90499
48557
95209
58441
60674
80745
53714
163874
99243
102733
89820
77224
145292
62234
84932
54813
114109
128108
72325
78958
124353
94882
85746
79190
111540
78683
94012
80922
48549
50322
118667
117659
113825
50518
63143
96948
161887
54220
50556
62206
64024
78947
104980
161587
63910
120541
67123
57644
50288
77454
145068
96810
103038
104995
79915
123265
162490
52057
140020
77696
146549
106341
104370
48113
118983
173735
98176
80232
68393
58987
149047
83392
79641
78441
167617
157287
97557
166781
124057
83547
72496
93131
52142
61950
106176
51814
54413
86476
74119
76179
103682
169894
77939
159637
152808
111321
48194
87206
49525
81333
140708
61096
69801
167119
69259
95979
67345
80937
77421
98880
100350
126305
68116
89540
135559
83688
80172
83401
89287
99750
162468
51321
52166
157402
78902
100444
68026
98830
116333
98586
84726
99999
61532
170059
94142
62894
136873
96336
80959
104124
154894
48451
86721
62659
106554
74291
83366
106832
121478
136899
61998
108621
52532
161665
87539
77600
89629
120361
97167
53397
60001
62469
121670
100278
51483
81673
65253
59936
112492
50067
95586
118153
81540
133649
174171
50687
66479
53133
53241
68275
52361
91678
142414
173316
157537
61905
63583
62939
147257
100887
101882
60655
61351
87218
85506
105023
71613
86952
83888
158655
97632
53186
133175
129380
48522
153394
133522
54940
93185
97054
173041
49276
51245
101840
93918
115233
96066
76262
97667
89953
93525
72414
171180
59676
86512
78285
154466
128070
97676
78969
51989
62601
78503
52435
51145
101471
68187
108441
136813
134224
131823
79358
158069
146560
55517
150366
51363
167211
106211
160697
99454
142735
170390
56126
78061
80692
67055
159821
67612
64824
79687
67438
67643
48350
165733
89852
104945
91690
52638
48651
49023
124405
79967
80765
56466
99824
81449
63971
53692
79428
90473
118896
108231
82959
100667
112584
73386
81389
48866
99079
69056
141958
164618
141571
117643
97440
120781
84672
159866
65991
146737
69814
153000
48778
104084
121931
121688
119672
160958
48318
114969
112590
158475
112176
99216
48384
122003
83832
121061
167107
49056
146387
48991
74496
94655
77573
67830
68797
154997
116083
93518
64163
130305
127578
48506
86228
48453
157212
127532
110890
49371
108096
98135
100709
76472
59515
120551
115561
50017
97848
94863
100427
84844
110075
117045
132696
78551
85886
149011
122892
159328
129583
148940
84524
53947
59309
98470
58978
111337
112424
52096
162108
104034
103371
160143
138845
73946
164353
78751
106008
55181
96792
124009
105428
158925
52896
145028
97234
72766
79023
90670
80354
111010
100856
114509
156403
173070
50726
116698
93263
100772
81845
96472
126734
106431
53172
48660
88598
113757
133239
90636
74010
77381
79486
60259
82242
48804
150791
80751
59693
83402
93520
50080
86403
112940
102706
136844
170448
80833
113157
112589
81283
86302
121159
99337
87277
58197
99967
161767
122534
58216
117165
90573
164799
103647
63936
60497
116103
94990
84079
65669
81595
49414
96272
81219
113752
145856
53710
138872
49182
81214
82310
98367
62250
116936
79251
76587
145495
66686
86509
56390
55495
81837
72733
95847
146701
105132
116962
48748
80615
48561
114238
48685
158876
60677
85050
145199
95930
61842
57918
113509
113753
51122
70004
164934
102024
49162
61188
60142
121646
166470
104548
83302
61920
148730
54699
79475
78829
61088
62892
60568
83173
62449
74009
80322
130552
113357
148858
130601
116578
125058
142996
80164
61271
101689
129405
102872
114946
160349
107895
86259
123207
112193
84673
52484
95518
163145
136047
88939
80397
90567
61475
51547
115461
60458
111110
90318
164885
90129
101945
80942
131385
102016
62973
48538
50064
61177
113754
154857
174574
77238
60533
48437
121660
93365
53046
100024
161384
93776
107389
158692
84977
171137
91130
119650
68580
78546
89440
102010
93677
159944
139580
158869
113360
102968
158754
60211
82585
158586
118908
103947
104879
118198
106188
113965
100115
63184
75367
165118
80522
84967
50370
113943
58443
96093
60758
86073
53573
97751
48859
52623
81312
103304
102721
84182
72576
64204
109998
128725
90947
48562
134190
110934
80059
54473
53029
49189
104782
132874
60509
73845
48452
119123
131400
88422
144935
61193
165255
51256
103440
78146
118766
66902
142385
48758
95106
61104
104976
54651
125569
123532
87124
69032
52383
98991
48284
91688
79479
103052
104606
64106
60312
165565
117520
59148
80580
105760
117803
73276
136979
52155
85979
92152
96421
89359
140889
129630
60555
97691
78063
123740
72289
65327
121975
59432
171714
87209
68028
83745
149640
49137
123780
151801
152579
106441
100447
80681
93460
91406
88986
164372
89731
104556
97183
58099
94674
85744
121216
69439
97822
60376
80428
112280
49929
63959
156462
110046
93744
94538
160023
124845
79634
107594
165782
81670
78287
162370
152223
48410
62927
74154
49994
94041
149729
105190
69659
117721
64003
58656
113379
132056
60419
63580
75527
64960
89105
53135
122424
87197
114177
103416
83759
115892
81220
58874
115823
60339
49984
124082
83272
142626
72368
123293
68029
58230
157971
102918
62425
48358
166061
88666
113035
118181
106935
102473
163182
98698
55395
70527
96461
51515
152773
146441
140898
48966
162902
106455
94564
83239
124892
118250
116986
67355
127217
122748
105364
60809
113659
49198
106525
95146
49888
102946
98949
60993
69272
99853
92477
136404
109243
113114
107903
78049
103761
113356
121522
62840
127524
148485
63150
91660
89335
99964
121989
53317
168779
61381
150819
133335
99798
100619
65911
84116
72830
76067
58268
100741
129948
49335
92413
68516
75343
95872
98384
102700
150059
150395
58776
80854
78646
98309
115771
61505
66918
78899
78532
125668
80950
65274
93235
112336
54610
142214
134989
109795
57590
50579
92712
143394
113353
101440
73923
116002
50628
68599
52567
96311
95918
66121
97643
88284
48438
122271
120769
100087
131619
49686
81187
68041
167619
106234
80029
137955
54202
160461
66926
102000
78786
59949
80626
99790
163500
51097
143000
58104
106558
123313
114310
110955
63514
63700
72928
132045
123364
64511
97821
72408
102859
157966
80183
104909
145827
80908
146546
73589
162307
145902
107170
63146
56296
80846
157206
61798
80845
60492
156022
107022
102329
88710
137936
108928
69992
59942
123506
117637
146379
64486
52042
113449
69459
49415
151375
83313
77237
54707
142041
101355
53897
117654
51664
77845
77253
120514
110577
76581
95272
105165
156245
113821
81592
144853
57562
106521
101729
75567
58041
98163
54234
62595
170754
59143
140472
49179
50273
70082
61669
168283
64284
136875
55509
54652
49088
133473
58524
168334
53812
62849
53266
130700
53312
83280
83927
51726
48845
136999
52571
67283
60321
79910
123732
58240
70277
106767
163069
81022
97776
101568
129651
62650
100292
50320
55027
117641
159979
50958
78660
138903
145861
121198
98090
148322
123332
61558
95388
117671
121550
83350
162888
50697
101006
105161
103960
85075
114547
132586
160520
66671
97103
96288
113345
77427
105820
100284
61701
65989
168114
97762
62967
78649
115327
70078
57607
110476
100813
99451
164841
80398
82174
78675
130925
151844
53875
100057
53745
81780
100456
107989
63475
117526
162736
83578
59112
58824
50602
130468
83468
116025
78800
79092
149664
95240
48667
82044
59953
121021
158360
79283
59997
96118
106564
49174
49833
145323
62671
63813
75676
105329
79331
123693
75913
52918
49104
147664
97166
62182
102920
52429
112183
65089
78581
48518
48568
113959
112825
49213
97182
101005
93550
52467
79463
75671
90302
56119
81825
98022
81116
132256
164521
49941
64057
162436
121750
145788
100674
151143
51364
65321
110378
128097
112712
114278
157311
173210
161161
69048
171689
97514
49256
51285
102557
104011
53715
64913
98809
131535
78136
122700
86497
65352
115526
99403
112724
87204
121485
97240
117020
105855
173789
52691
51506
61166
154362
57428
69475
170960
95506
132317
58493
121517
48496
61071
86235
74308
63773
72860
91662
87672
64185
83128
67167
116316
169296
59922
105063
130658
80654
98540
78500
95042
150425
92474
141578
88569
50135
104273
77692
152951
57808
51653
157117
123181
94554
82994
96801
96233
129289
88158
53391
54859
113439
173455
106800
96503
168614
67371
101013
123123
60203
113238
113448
67924
94923
55513
149186
118310
138411
52856
73204
168437
100598
50739
131738
55813
71911
110971
61769
114436
49483
93617
173174
121538
52700
163488
98007
80672
60018
79840
118631
72561
116062
163479
52702
99936
134700
89193
135825
60241
64849
76309
58700
113660
48424
85131
158484
103759
70508
171412
138372
80065
151268
81210
102401
69711
54309
84076
120444
72682
89578
108085
67717
145235
60776
53905
110371
102103
98481
64101
91666
48751
145170
65591
58317
123096
53770
124072
81542
159733
72843
87974
108488
67772
154990
52426
119524
48190
98373
166345
106514
64941
79702
94463
93741
78470
80168
150868
97497
48626
108670
95828
112313
55545
48491
88227
101194
68188
64859
114339
53132
48515
92979
133297
63722
102963
52927
53062
98955
113146
79219
56144
52562
106200
101813
129713
124681
51348
50701
86469
92966
99771
151437
85089
50570
88802
165024
137608
103830
49247
137080
79153
143094
117727
142950
96184
122813
69849
122465
103408
121531
134724
54113
159355
83131
117699
60545
64342
121202
79948
55508
146488
109162
108581
131931
121540
102789
48676
50546
117364
93606
67471
93505
77634
115507
113531
115779
69269
140250
79659
68533
149278
51057
61747
98764
52967
158938
69212
48854
77923
87200
125110
99060
104368
72822
102365
72150
129919
81218
74602
74418
49773
141766
76099
136163
69541
103662
73330
80290
74081
63498
130594
78584
53776
128139
147018
48185
112886
50498
122990
103329
68460
98291
122167
49108
66677
53299
164977
172764
68737
48370
54805
48616
99361
72324
58151
97554
67699
121237
72501
48629
100547
67959
98932
170236
94699
124557
68632
79071
60646
96332
98519
72888
116061
55034
95550
81070
87185
96506
173112
163050
56015
52888
60015
85146
92644
57549
131948
114274
58406
94630
74412
82938
166001
97757
149271
112695
53435
104485
78867
105360
136012
83522
91470
53335
100799
99157
53177
49559
166052
52111
123721
73535
136029
93910
52843
135608
130657
85243
80504
149700
135003
125082
50821
133389
97769
64058
142467
83220
71113
89247
78928
134896
113442
110167
168479
122451
170506
55761
118001
146762
64315
89817
104046
115716
156909
54073
121381
81736
98843
121607
50613
53314
53290
91094
81598
78682
113778
63471
91612
51234
86665
133975
48034
99331
139468
83354
80987
99322
113205
121278
173750
79785
174663
99459
73544
126922
52060
49252
156192
72635
87422
123930
166897
90088
63557
64466
52618
93522
91172
52929
72696
48899
110860
90921
52074
111707
49377
69674
48431
121976
62455
173239
78895
136514
105354
53338
74167
137999
137313
81209
83130
87494
68586
49307
64022
63460
86422
102523
117691
74958
100985
80251
51614
54284
51462
59445
166555
82691
119476
58266
62733
83265
118890
117616
169833
96013
83743
114113
62159
94064
153711
80838
106559
91975
64364
71644
101962
61873
129675
71238
103535
48460
122782
73498
96568
48372
81158
50493
160998
67382
51477
105637
112842
48223
82737
140461
173330
109817
83502
149639
103557
80583
61168
97606
48790
89283
122620
102093
73617
80412
55370
66864
110869
64286
89694
104389
69160
77370
81245
90174
83279
64531
90634
64098
133888
61287
96372
138909
78034
90012
67150
82061
101008
50554
103613
95474
92174
74543
167360
82846
124751
79052
154605
75678
91894
86216
76265
140044
98700
59569
103402
168463
62748
145896
78702
58044
68206
49176
117063
98186
89317
154756
49882
52565
99767
155819
63569
89557
60188
116557
51301
62625
143953
130242
51140
51264
64500
63864
113366
141316
95127
72572
50946
172865
142262
140128
65300
117717
65069
142367
69144
113232
155760
102302
66999
63320
104107
77250
165838
59172
61979
141754
78521
80523
119307
55066
48848
77333
48591
53626
69251
94642
73858
89443
106115
124456
164723
111520
63604
118015
135517
163865
115746
143049
77915
80345
138417
109801
83925
102028
61010
100879
117494
138817
153131
123694
61743
165209
65595
78068
62859
83642
85986
58488
110850
82487
83834
75988
114749
68612
59177
83738
77241
79194
82115
166811
80198
102831
137493
139328
77412
49909
60523
142348
94572
51453
91395
124503
125136
93510
99272
134445
69338
97744
51015
73052
50748
98311
94941
131791
97577
92068
49858
168220
72433
63008
96571
53933
153371
85761
63185
64925
110594
95592
100041
84973
80094
53256
107881
60765
80227
64537
79745
112087
55505
94589
84882
100974
80460
104854
136810
51940
154669
57915
77429
90378
103081
165208
129436
77800
81615
110003
75591
85977
150564
123209
65739
115483
80449
67380
61413
88340
86851
112830
152515
174187
78066
102826
53449
139317
152038
53045
160602
84819
79985
141324
117119
115902
68624
88105
87673
123201
100742
94790
101030
105049
80879
50768
120609
97196
67391
64075
76931
52512
55124
121572
120462
161470
90156
77445
53696
60833
60653
91972
73828
77242
88611
53035
150839
115536
62640
67002
98277
79513
63972
93876
107411
103517
70163
92106
78620
49544
67074
61318
52344
98685
98017
171026
50643
97970
62174
158875
97772
53550
93662
169012
118788
57627
66909
78953
163597
159391
78449
86989
116054
81550
78939
92239
104255
99104
73291
63922
95671
64439
142308
67091
96814
83596
94626
70440
58349
83117
112970
123922
53716
113866
72918
118748
98855
75564
48671
145980
121836
105776
91448
94704
141003
135242
48344
135819
157408
99888
108938
103080
83126
94483
118911
120091
57555
103998
80081
158596
84509
51960
81225
139784
63166
53746
156499
99811
119423
60432
87271
95320
64349
73731
64206
127814
144330
94992
101560
103942
106312
116479
88541
106621
54671
63448
99185
168432
67411
67487
116411
60185
60229
51810
49435
96739
94783
158595
169867
95680
98616
114100
106714
67639
76036
97209
65113
75741
75552
51247
53568
48816
77823
166971
72668
48326
80885
121442
126135
110937
158185
109691
77603
62885
65272
62982
66111
56026
48236
79779
89499
80928
137891
152399
140834
63328
115297
165155
51972
102866
54513
99722
92590
52461
100507
48605
165065
61614
83049
82217
77555
80622
48831
173444
49683
69411
50729
118490
94598
154078
69283
102583
138840
61871
60968
100404
103700
135400
146770
94608
73086
74637
71665
114169
64113
118111
168500
56302
133429
60856
64389
91088
150051
151021
110761
100078
159583
52058
98223
100528
157749
122681
69235
92880
50211
84357
95896
124819
100981
113214
60513
86213
79294
57377
109947
139790
61548
148329
72704
57677
121249
85049
129307
109814
81311
72799
53719
117589
63227
78252
104874
121378
91011
99027
95189
137861
48346
48634
60707
67003
123145
63385
139864
76345
156706
83661
108476
74105
95945
54435
48858
92089
72790
98603
59928
99689
65907
157890
132262
78300
109376
126530
143783
118617
124550
147626
65804
51191
122174
152525
56245
79365
58664
121843
96014
111530
121227
61361
49106
58163
167509
52679
62152
52721
72616
52351
73106
95577
124834
115670
147053
108163
99598
150054
96714
135326
63148
154032
86503
91012
87972
167338
55191
63154
53906
63269
117128
137931
106273
48750
78448
138111
148660
85178
110547
102824
114461
57080
48532
99020
92607
65316
61918
100795
92988
63679
69438
121096
91375
148136
117704
125343
61829
62321
65241
116847
88163
83067
146938
52311
79618
51255
60656
63890
118449
48537
111784
87370
123312
52194
119594
147268
62766
53252
51619
82901
139809
73841
133589
109881
135527
82877
166751
53853
114216
102098
74362
94370
58728
118110
61281
120480
63026
104866
88612
68349
84696
115807
145551
119462
98641
118664
96087
132385
99101
172027
151494
95867
66903
97615
119614
112777
163581
115162
116731
167136
107206
104646
57335
69974
104796
156431
104290
52228
52849
76881
65090
60064
48430
169612
115688
60168
52329
69683
62201
98825
105799
145087
86757
62663
97138
55456
114775
145298
124261
109219
65141
95147
77009
137402
92816
69037
116287
59287
132776
101462
50107
72335
99208
88756
51064
122796
73037
117151
101302
48116
160973
84285
86305
142053
119434
116563
122900
100233
73394
139454
144927
135311
80379
119468
76824
159382
64387
60932
92026
60217
61167
59764
62476
53609
142833
60715
95876
87286
150923
116424
137490
84086
78535
114744
52239
64154
107916
83167
48949
166165
91888
78997
70392
78378
52655
119469
60228
60467
108314
89932
76111
72746
162145
49221
102944
81794
74084
106548
123271
87223
69928
113276
83504
60557
115936
80148
78879
94170
99751
73070
153369
61745
80369
62713
147523
135514
48710
48520
86231
50844
81310
103618
86776
85574
49026
69460
150792
94480
71628
51752
131937
60890
158423
121938
91057
118674
80346
112165
113767
111209
76094
159923
67303
108971
114123
69640
103722
108334
152365
117870
65276
77355
97390
57817
95152
98515
48336
78399
90101
65384
89937
91679
49244
79282
120284
50083
61021
72680
53103
52362
110136
53482
94212
89586
91944
64715
93433
106920
114942
167356
74745
66205
101653
146476
145299
49355
97357
116440
62103
48978
93870
119297
59945
85726
133743
73698
113282
58089
88058
80434
112262
48376
48615
73334
173270
59593
53618
68625
65373
75959
165797
78460
114543
132838
65833
105140
72564
60109
50592
109577
170905
100222
96459
58822
153477
97381
115990
132569
62722
48961
93504
155171
65405
146600
135539
110342
75975
98726
61214
61226
116753
83509
118830
63176
124571
113749
112491
152670
63824
94486
48672
116415
143126
147396
93803
84103
64945
141771
107002
113936
131724
91572
62297
122984
124564
59789
103478
97305
83410
153692
71744
114771
85425
61497
112550
60382
116496
80946
93193
76029
98510
147710
49041
115226
73943
169923
112163
78696
80810
87114
52968
114463
138721
123686
166105
54379
94053
79158
133210
60877
95887
54837
69108
65909
54064
76103
142343
159371
73516
110054
102600
75463
158827
98328
93401
73523
112968
63130
96765
136645
151791
78505
154051
57763
64562
68617
142796
174572
145615
78571
121205
99305
73173
122016
75921
146212
118028
123697
81083
115098
130575
104195
60908
48507
71509
69324
78632
134342
142512
55210
159842
76540
52611
115398
50513
57550
48192
93563
51950
117175
54982
113498
94903
135233
64014
122370
106445
130138
51295
91188
48158
116070
87863
73339
165674
78477
67231
156442
154568
51807
118914
63608
145022
99637
48269
80167
100343
80657
112430
117754
93316
48493
73352
122886
157438
79356
137548
61706
154226
153146
130254
100286
149284
60583
50122
53166
105173
124067
97451
105966
52139
64275
122284
140010
170453
58610
84423
48209
72295
116300
121388
55070
118936
143976
84405
48915
61493
106861
123960
58328
116073
118624
118105
54684
57313
131523
96235
65044
83355
73549
50235
98292
49735
98316
114414
113026
133814
127307
121659
142915
84262
54112
160325
81047
78596
144108
133183
84858
94419
103615
95661
61359
139392
144525
104987
80431
102077
48566
83907
77121
50901
81396
62893
65944
53964
114654
140742
105345
143498
98865
134233
104965
53539
50170
162713
64798
97874
50706
96434
50456
68866
122471
127824
77698
67812
127997
126500
108582
77375
54600
63322
51410
63249
81876
104520
116947
122034
67669
89833
68093
129182
87902
61356
108694
95074
96457
123908
146867
63086
92578
122362
86482
56143
100833
64137
97347
112774
50670
60498
55424
135505
59385
166139
52941
63430
127512
174225
84496
64412
127045
126921
109000
137723
83235
63347
75979
169792
100660
50333
147899
63854
158768
75530
97486
102197
87523
65392
100961
50540
83299
99016
173810
91030
142153
174043
105320
78434
122218
58261
93411
113493
85545
60815
152902
126153
66920
139487
127301
77014
49829
93868
77779
116883
104394
54491
94826
117732
117006
87611
66112
61623
98762
63589
110888
52082
155220
67344
98024
114259
121532
74717
136087
103706
62146
108112
113441
48688
96500
109955
135196
96166
80841
58642
87725
81459
94441
102358
66214
145461
133643
50966
150952
69728
53844
124255
53049
100766
48487
80735
85530
60978
61478
83987
92974
51744
72568
120588
137112
79154
53183
170198
129930
54426
142021
103871
112451
116126
86114
113058
50656
96802
77395
73629
54306
124625
140969
64409
120249
50586
85990
83060
136962
137135
51259
50571
50532
73203
70085
174736
139481
155313
101559
103496
98073
141278
90278
53805
161743
105221
144453
126969
121664
142374
64039
64028
49353
102802
79500
65959
132678
48436
78251
78387
116380
63233
164789
103611
88029
121441
54635
78623
76879
95457
146270
61378
136791
74014
48745
59170
79319
96292
62981
89029
65043
88256
87281
83119
105228
99931
142028
100158
80679
94787
133527
73814
93766
173958
158082
65172
52128
119290
168865
137990
52767
48442
105332
166927
118036
86555
113739
162971
170902
126975
138066
89835
90308
82986
94521
59749
87526
99528
52709
123687
79018
111419
95170
48955
145430
72705
77384
48968
73101
100684
112417
63312
66199
93611
52316
116372
91695
113642
77656
75635
48404
113672
112944
94981
64734
92916
62187
126843
78324
80565
137681
166824
50909
63952
63652
140376
104488
54135
91684
94260
83047
60754
87507
122614
69463
115494
61886
50239
98888
103481
95566
64841
63367
89468
94574
80798
118162
87407
87376
110814
57521
169861
93439
98174
66975
135561
124827
54172
58327
61934
101503
51724
93514
52825
121507
104563
64244
130037
50956
49173
78506
106545
60141
98671
97259
138100
48680
57479
104266
54711
88936
60764
124844
62531
121677
74205
61313
80086
87952
74940
83388
163573
114281
51754
76487
62450
60893
65139
61631
107013
93815
160556
64390
50336
52935
97967
135048
121713
63811
123610
75722
80270
48598
103388
100497
66658
60266
60801
75709
132642
144447
56693
78570
83185
79647
87148
139805
63402
110767
95479
58898
121115
94910
142110
69252
127564
111125
60841
103617
97515
51715
64491
80939
76348
67388
49167
106520
77040
48391
162115
54700
95812
137167
97812
118910
49720
51250
83114
164410
122180
96499
64436
110287
51957
78484
68522
79462
76358
81099
48365
166125
129864
134308
83399
168460
170509
77729
79806
124903
79977
118699
130736
109535
101425
64189
69200
131549
59237
111218
48193
76877
68784
98280
139647
55675
95356
51288
48793
48301
83245
76007
81138
62164
95411
58876
77978
161258
132828
122386
64965
158278
52870
54446
59893
90331
90205
64992
123915
107118
49716
89208
90657
63516
50588
52827
67984
113236
98317
132308
78687
48472
95520
65736
136779
52399
103902
49887
64388
86667
165103
50534
73717
50589
50069
62902
78452
110397
174245
62521
70579
93387
140713
113507
88864
160644
81689
100544
60439
61986
48987
52508
136970
166849
65722
90466
64863
116447
86470
104676
49239
157426
69125
92950
89935
66801
50591
129498
96527
48380
112972
63210
100534
103683
84450
53818
112854
54159
113341
68642
93846
94583
79324
67834
162720
163709
64118
119541
143141
68938
52161
61839
112544
94723
94492
50529
107536
78029
54300
78394
87315
121409
131621
79125
103524
65232
88804
117575
103744
115935
79162
113776
77742
90688
88636
132993
120699
70283
131090
132404
53118
62226
107692
48700
96803
100652
93574
130911
66580
64600
80209
83390
82511
48636
72752
124268
52550
142365
49274
60900
69690
94477
115480
152897
133191
60237
67023
62571
145195
130645
57392
95403
122675
73908
106165
80123
172215
99148
100737
86336
87991
75942
94672
142254
78552
83246
60541
97340
130241
100874
74371
68635
117685
166694
82768
80235
97583
93759
164957
90574
89582
48692
168149
100344
68820
129866
134626
77120
113625
100283
95635
49521
104150
57425
87266
95901
118864
160715
101137
58895
103407
108454
126893
50338
59967
71494
155533
118184
118044
65898
93229
78799
80856
83083
112765
102440
142613
85870
138717
97245
69892
88282
80234
102893
87419
113440
48609
93650
60334
172321
79011
110365
87950
78769
63949
98092
113081
93313
64504
128453
81195
80406
61436
93651
53432
57056
62552
165196
87603
58339
78026
95562
73534
77805
59289
145481
59539
57560
164481
107765
48249
169085
67282
53481
114258
82368
61274
87503
79269
82793
125889
113160
123048
100031
118337
129161
158901
81799
170267
82074
158408
142824
74019
146217
80126
132329
113259
117058
148050
95194
126982
99678
50620
105544
64417
99845
95685
66807
63095
169837
48484
105169
174237
170989
50021
131219
50191
100946
142269
106107
57557
158989
98980
140365
83622
96086
48664
50018
73137
94646
159296
100108
86984
69884
80627
89429
48155
157649
60875
57955
49633
124170
78445
89275
72742
48206
125299
151232
113389
123003
79751
94631
115479
60859
118826
67325
59952
61207
52424
78216
56075
80895
118852
165186
164342
64454
166276
172479
121741
102218
61464
74226
89829
169820
95611
50516
48248
80176
155888
107997
66051
50520
59532
157807
169952
140457
159619
72628
86463
139432
48529
129381
166073
174309
90653
48502
114264
105251
115530
61244
50836
140209
94356
65838
101942
57842
121163
130442
79542
79587
60943
113735
114944
125088
84198
53589
54095
55179
85883
134730
132304
98484
74357
91663
99093
142016
95120
60663
90941
116483
84885
91885
48421
150609
67874
89941
62433
60879
139944
103932
66176
87387
49703
115542
68832
61917
122967
99294
118586
84317
69250
70041
114950
115063
64355
76506
97959
103962
163952
83003
133342
86331
65744
78656
85325
99887
119865
77986
105331
103793
78036
59632
126836
155873
79249
145500
160813
78828
60272
50446
110883
112347
102863
115626
137942
75843
95871
51933
48188
74034
104406
129165
57997
118672
75809
57845
118020
78808
63839
87916
87675
124607
48730
164253
78748
83498
126464
53296
110827
87227
49788
116640
144370
49359
65315
60819
48107
80536
102242
52880
159533
134332
50114
89281
117749
51517
88609
64559
86860
109666
74808
97178
86471
168760
78990
89309
76340
116552
64119
60871
79201
114263
167612
69676
63244
101487
82852
90626
131244
85081
65279
89721
57565
54570
147806
145273
139513
97148
107237
98937
54643
95012
63805
50708
74283
89952
139428
66148
53624
59324
92608
68477
65895
87708
110646
131910
98043
48304
49314
155117
121418
158088
53988
63927
168427
160281
101047
142284
69436
54214
67263
48795
48832
63869
137656
133660
93418
63821
103674
64138
111363
172117
67793
101135
97412
117855
161355
67505
89475
60172
63119
49641
61480
79437
49384
97368
61500
53987
112453
93798
147659
156649
57609
116605
82991
80155
50195
63639
118088
75680
103857
62080
52031
49211
94301
48843
53858
49326
138226
52158
78044
63470
72082
99610
99416
117155
105550
97565
139935
82012
94633
115230
98489
129538
143760
100821
102905
65254
83567
51352
80673
140870
124595
80470
53580
89515
53022
113349
106575
104790
71892
77233
67919
149329
99070
83893
98687
50100
48665
120357
116702
85769
142562
98892
53516
112789
94615
95840
117686
165696
83588
83944
104451
114276
165866
63546
113901
74753
101781
69104
77069
51290
64273
74039
163217
80888
115481
167428
62426
62816
105822
117679
92971
67104
90303
51457
61195
160864
53794
83489
124623
98310
84862
83692
51809
125134
151451
111957
48498
97265
136828
51055
169900
127003
115930
73262
56355
133200
83347
51120
96255
89850
123747
143106
96772
101238
61563
107203
87182
100375
99155
80305
132971
127024
88836
94273
78374
116007
69041
79156
101856
66186
55079
57310
60863
95380
88222
54443
80598
167501
168745
58779
114376
85997
99386
73456
147584
79129
68374
111030
97016
120195
117263
51816
48368
172326
78602
74771
80666
51282
146755
69958
86465
94131
88198
95006
56399
61983
146925
68497
154000
85915
78648
97543
170627
135864
101807
50918
172393
87975
86643
115451
67838
60187
136943
114075
93428
94166
170895
88947
75566
63058
90932
62868
63590
168174
79078
159174
96818
51392
89306
49183
78664
48367
119003
71886
64120
71737
160670
56628
52943
101097
81341
91781
89246
79609
79029
78459
140117
95858
114149
49578
55156
48387
116669
94555
113327
48369
113215
80875
115489
149112
48570
56312
58482
65111
83247
151032
113474
97714
78326
139304
137230
110887
148642
50823
48588
144824
118280
99975
112841
94963
59114
60230
103029
103993
48882
65822
110740
49717
143402
50856
65409
118854
91740
83106
79007
132198
112731
60279
74853
72416
53277
153532
48637
135405
48815
94934
82282
86747
51225
49928
122230
81969
48287
48145
140775
94969
60450
64155
55626
158121
99658
162966
69187
96847
83303
66571
71357
96380
157800
164236
98030
164735
53288
126993
102205
123075
52912
51150
103587
111905
117712
80871
121172
107993
163258
79117
106641
65155
104175
159372
80178
124096
135068
64326
71710
145910
120270
142958
48761
145911
121379
97798
87189
165269
81659
96535
127991
53452
76752
99792
76245
168454
58429
121206
102803
117406
100360
149285
113370
54428
61386
133206
48531
149432
67822
58232
57500
75803
103605
77579
96813
99963
167242
48909
61543
63790
72890
48655
67159
146177
70540
59053
93455
62482
88649
99212
48351
53808
165946
48930
63218
119265
67292
124830
48356
112698
51518
73694
113932
99389
85410
62975
119088
138882
84671
88762
48415
121368
118053
131292
60239
164824
106371
102799
48820
134714
88164
118108
49930
161927
51010
124355
72666
73528
67700
52502
62117
134067
84289
56291
124318
52455
146063
155077
107465
78030
163888
72982
127221
137474
166575
64384
100329
119398
116983
65679
48805
97697
69068
81060
62160
97447
98643
67839
81141
121536
94961
123704
51720
50682
117801
120555
140557
68853
162906
63319
168502
148789
87144
48610
100649
51089
51148
94090
67153
129319
102773
96106
55223
98472
100289
118668
94565
88122
49885
49100
106849
118886
157648
99601
65883
54076
60405
103513
106570
128098
88755
89035
86864
162074
121525
55664
55527
51824
146210
118756
104170
73479
98922
66893
99687
61880
66791
155561
106333
64997
107920
69576
132555
160770
100908
49302
82876
116036
103156
168356
63926
104168
103554
90296
56884
101358
131482
80919
50941
53576
78380
118990
55077
70018
59038
68529
105162
54384
93735
135569
48819
48630
79903
66145
136830
135601
113233
152657
62179
61049
100475
79590
172681
56748
142746
87990
65764
149276
136910
52917
85294
93507
48584
104440
102289
51031
134326
62925
156930
168469
48497
51536
111518
51184
72364
91209
136948
90505
79136
66888
98753
110063
62186
78909
51768
49085
147583
95123
79366
118223
67567
133749
136091
101549
134114
118007
99357
53428
48247
143102
80667
102930
97146
136025
60636
118628
65049
105600
48840
171488
82387
66642
85455
51246
67897
79953
76421
83471
103952
93071
111604
91920
75685
103006
118361
96337
49282
50168
55381
170070
148056
49839
51025
79226
61868
173425
67797
122895
71126
169616
77794
124748
108561
72973
164588
109558
99894
130029
88942
108105
61645
166344
148560
120674
89719
49232
149698
50137
83253
60514
69224
58411
97030
60040
67478
135382
75501
50545
74860
61306
154309
78686
123072
170041
97569
58330
88732
82435
78599
146533
95401
69442
79295
61284
69536
80092
96460
90031
88602
79613
91173
50346
72314
116609
100455
80574
61507
167561
50863
164596
82899
92261
86142
63160
55418
122527
174584
97779
98984
145975
86207
48331
164551
51488
166251
118119
129602
170296
163541
81231
100071
66042
53535
58370
53634
61874
173428
101660
61672
137505
99785
48505
82754
92409
63401
65386
58308
131717
134170
48607
139380
78884
80333
96541
126825
140352
124164
60436
83960
97239
77342
66321
152790
118736
48499
113235
58323
103108
58770
118083
72710
96641
95281
114490
68775
146120
88865
95757
107714
168436
69317
62844
72299
50418
121584
156284
49090
98086
73576
48981
49091
52670
64115
76644
170042
147217
65766
166629
158385
64711
54080
150002
131869
60731
126194
103567
50245
83244
97465
80930
101550
56329
69935
87963
50660
123275
130135
131401
50226
92692
77771
60453
54287
73414
89945
115219
54336
100746
55673
161570
51602
103477
103754
49196
62974
77271
59938
67484
85816
128080
105116
52469
153816
51138
117705
64488
88847
63783
148143
74077
121125
87641
132312
79407
87300
147371
93381
96569
61222
62458
58276
49794
170825
53816
61363
64887
80331
102283
122865
60200
88615
65725
135396
50674
93210
85981
89861
60434
115223
132291
93389
156825
113223
102742
53828
115737
109940
124068
102135
69215
78701
163605
69003
169711
118957
58567
100030
85331
126667
151398
137229
74013
114102
96784
84191
52593
109612
121387
48390
49932
144849
151503
167019
77404
110290
67012
72609
90907
115302
95596
96334
69810
67623
117922
60404
93978
93047
48658
104091
87356
102942
53491
75495
112971
149673
89402
50955
119718
52352
79258
83727
98960
64769
172394
69176
60732
92527
145786
69479
79580
110782
108672
80203
110664
158158
85921
69852
58091
123067
110795
160617
106612
69829
92008
137913
112045
138088
60591
48337
133405
120433
93478
90367
72833
125368
95898
50547
125066
157370
54701
83904
161061
147483
75798
98341
97501
100953
139109
150826
53813
72785
97116
81791
171109
81163
88765
127438
51040
173747
87237
49180
112157
144612
67286
112853
98863
62062
51803
154868
97320
79236
152547
69629
146071
50508
120724
168708
138348
108356
69079
86345
87344
100895
119601
101012
106770
52260
64020
140354
87954
106291
171282
110922
140369
161516
99291
55143
97885
79873
49547
170343
115948
82584
76797
90372
48576
170320
72700
59964
79491
103739
49575
123822
93386
83427
50811
62207
105987
61467
129562
123017
60417
98122
57939
89183
52632
112024
168746
70405
48479
147542
85391
57367
108108
57179
135594
51370
170983
87132
50633
165613
48942
59001
68345
74230
156850
48250
114344
50559
133314
73787
76656
152858
60461
61847
106279
48703
63255
85590
93304
115354
137864
61964
163953
87158
48544
165192
95910
61760
64376
86123
150145
50104
135988
81590
62051
97353
98468
80211
123906
105575
121535
124284
49737
171811
75304
121514
67679
49020
122173
63309
124884
122626
81071
57867
131442
57659
120492
65966
157915
94708
50576
57189
48298
75569
48374
83377
124668
69331
60512
54659
71645
112887
67102
57566
131462
170955
64795
100446
63895
130534
124235
64231
94485
59705
72595
49227
49952
54891
89837
166201
96143
161983
65978
98401
105817
83527
53644
152842
165092
119437
69340
62758
123101
79367
136816
154955
135397
84534
99018
126080
62190
104205
84067
51423
74823
122707
53728
163664
168547
62662
138863
172852
63749
80110
50891
72332
127689
61350
169892
115465
57596
108240
54696
69404
73248
70604
134552
119377
76216
133152
99526
118720
122239
84397
104686
157666
127447
50893
59326
117221
67320
98511
97350
63898
48309
144178
83358
65317
77905
132697
68001
161577
99871
136854
64073
121593
113016
121342
51146
75013
101031
79028
122131
138857
79145
63253
97448
108935
112029
94357
97235
97114
79819
78239
154966
91999
173358
151370
66565
54661
154713
59825
150272
120993
82597
149413
88032
60438
115156
111836
58331
53528
118034
98258
121350
53285
87010
71545
68774
52277
80384
81544
55058
52826
148187
78615
101041
72763
48214
70139
113417
134167
100059
152650
63446
165015
84197
117522
49271
58530
142778
99430
60444
82275
96104
92346
53764
49115
60248
80075
123326
98940
50496
61174
81153
49193
97984
137060
99146
147901
84256
146995
86981
98149
142144
122739
91233
77755
80624
84999
60368
113615
60449
133089
83143
52251
64717
102505
50574
82248
60753
112843
105401
82936
84949
169051
50553
78791
51051
94932
67805
98513
116674
76516
50720
107737
67347
147073
48967
50369
99345
88209
104460
48635
106725
115427
80701
172768
87201
118706
85774
100393
76700
97918
117083
98021
98622
149215
55386
114093
101026
57863
50606
152249
83274
82208
104009
64146
131522
67729
65123
94691
109646
49315
119678
93519
113930
77288
62247
94573
99943
80767
79654
64127
60515
48473
50497
72354
97477
60695
93484
165365
50919
61854
54422
116503
60609
81711
100869
49718
79729
68611
74137
54441
97545
79996
79216
80147
98701
129490
149307
63622
106718
52301
48563
61460
55979
168345
114245
136503
139540
98166
131607
70524
48420
154706
116979
68171
78914
100510
84883
106414
48749
49294
78987
97901
166970
50548
114297
63970
117153
63897
123631
122299
63817
78436
96193
170896
98649
77957
114096
95903
83611
68469
89493
98770
68371
53442
75729
125022
67452
61337
79803
98788
145228
108248
51582
174570
123247
58335
98561
96256
77417
100734
107412
95935
105349
98749
57752
74312
87213
99623
60307
170901
67614
98800
80729
49651
51996
58103
88726
72834
92708
127954
98305
129559
103627
118773
67229
123065
89324
61721
88803
65214
139471
123683
79067
59998
122418
79142
50752
118811
170301
95909
59470
62600
51019
82321
132244
116326
113437
74826
130199
83733
66958
48835
119584
67296
61900
98966
165199
80332
80485
119950
72382
78351
122169
66875
139029
79317
117805
115415
87757
132415
91775
67084
133573
122838
139649
105923
160614
78693
66635
70261
52547
158324
127473
60988
100722
82757
49340
94876
69275
50262
123973
71743
120302
52333
48918
148321
149447
108295
64045
133020
62989
62891
64921
129589
115898
79416
63164
100786
167657
48817
91791
123223
72312
99603
95855
118363
147965
166580
61455
54119
50159
61394
82788
48982
108485
59995
148375
64005
149965
115243
170629
167114
113056
86683
127784
61930
79982
52157
65918
108250
112922
63562
160648
141150
98350
80130
172574
61148
105837
48136
96603
83682
94974
78582
170849
48447
120502
113742
107458
48490
61395
137356
131032
53128
107771
136882
72990
48458
87997
61987
104447
73530
170548
83610
99655
87061
104930
63785
127839
115655
50617
106122
63513
49444
114181
108719
48456
74547
113928
166288
99625
52091
113547
118450
113736
169758
98376
72784
124487
100592
126968
84401
168897
169835
60718
93748
63076
163415
50096
112692
113692
58723
76778
135403
121147
167078
49127
93444
109634
58338
89836
50987
168450
99631
76848
78454
150556
49230
84575
162752
145930
79623
122015
76176
48305
96157
84804
156752
115821
72618
53605
94670
78670
126451
140877
103155
107490
99954
129346
79415
95860
122410
99969
96404
98715
89442
86395
52493
86329
48335
50914
70979
50302
94087
83216
94820
167983
78614
50552
78794
51253
62438
53216
63991
157689
59081
91858
167683
80450
55128
94528
97562
113269
79285
65248
55091
116121
104882
103708
114940
123287
118112
50975
112351
143970
54685
78826
124779
98126
104333
114079
97630
48355
80635
52863
152345
108570
103660
113239
54264
95965
72669
135661
69207
52504
116004
119356
48551
112494
48211
98097
80405
164289
79062
115905
98874
79290
137846
59948
121178
53279
48944
160013
137768
55749
84731
73445
89401
115191
78339
94643
78976
79069
163178
90630
154950
101857
73038
66009
87929
123701
110499
167315
86618
105793
152211
156388
130299
60254
99924
62092
155877
61345
164277
83360
78889
86492
120561
86431
124790
120441
80599
118835
141282
153591
99912
95790
169745
145974
64150
138342
90492
114443
72730
134539
50753
88761
50329
65045
132521
62505
132269
94754
61852
77135
78099
59662
65258
98897
105326
103240
50985
82565
151779
78912
80760
58243
103137
62956
113162
107356
51790
72400
167141
77640
96843
83464
113004
66399
117682
83635
72806
118737
84064
61312
94860
115407
77737
57850
141256
62320
94267
50414
159738
97002
169659
116267
90343
96639
60527
108146
72916
95923
128883
54070
100913
96504
80750
61106
64445
48569
101387
96549
121524
175093
124034
97733
103087
106867
159828
126065
90914
94647
83223
130483
98890
139971
48834
49439
63228
62415
146146
165230
119349
93842
113584
83153
121748
62876
90961
100282
94976
80360
63395
129760
99178
89827
79363
114717
74456
73169
92460
60564
105953
95664
116035
83520
110133
80072
66683
65393
69688
74564
119515
60330
89560
121339
73675
62024
58401
83544
104257
48441
122854
103687
111912
118145
51082
60802
80563
115827
58211
131587
49156
97724
118780
60639
79323
50451
51252
127216
79260
86945
159136
94673
59766
81446
58681
107773
89951
53056
100599
76891
64103
115881
156134
103227
152961
96783
85366
78343
117755
55451
50741
148408
113031
77817
102860
104016
119537
80439
131889
113480
116383
65383
70326
62022
78304
63900
103385
67977
92481
129418
145260
63837
61213
121509
67646
139519
80051
138452
173638
129909
62972
125338
167605
53416
172716
102159
102177
127323
149206
145193
117770
104297
88137
130662
60899
57266
113350
95017
110992
142351
96145
159133
95279
98956
114852
133446
158010
76985
105131
119192
48244
57492
90165
58325
122909
117578
112205
78906
100950
80820
131197
57640
90352
91959
51530
63200
109745
48291
113796
167311
115975
105300
96852
117555
96747
168241
107779
99012
67476
77783
169070
89380
61695
60352
109624
154954
54013
78706
127495
61264
167799
143612
104886
85464
62327
61362
145175
99760
67555
58631
110256
55414
158557
167646
63418
165044
72643
48587
73914
50998
95084
97595
139932
89855
53859
85317
90934
151127
110034
133048
89746
63578
78088
114687
78999
100870
106285
117469
117708
52065
79036
103964
140269
167720
116600
101802
122912
61922
117693
51016
52477
48543
78905
126972
65073
126657
107229
63079
61067
107385
84501
120379
53179
101853
132672
149419
156550
78841
63509
106759
117623
123889
163442
140894
55176
138850
153461
78711
62328
94502
149964
57799
99666
97299
75801
151258
98493
63007
50282
80036
133803
121963
112995
129356
158415
145178
137014
55910
77392
69578
152846
126492
51272
123213
61253
100072
153267
69244
76349
80136
124722
88036
172178
166634
124016
96259
152675
93014
172453
66787
99630
107382
60709
50076
64632
79016
48290
144966
73305
91656
56847
52996
49678
63951
111317
67748
91452
80769
148512
174117
73583
53152
62560
85085
113358
126665
52763
50647
48757
98374
92275
82510
122127
54290
135470
60937
142322
92096
81089
129118
91006
67650
51992
152975
89349
52150
56383
77528
61878
92094
50252
84352
98535
64457
67370
58016
72844
163240
60766
94928
89720
99670
130093
97408
81307
129158
142631
130533
93423
146774
173905
162203
79848
62620
123053
79822
147745
84697
50771
77806
69464
174255
59956
145267
83966
131866
80616
48486
63638
48402
146420
74064
61638
86779
53286
144586
49032
97771
50503
69364
127440
74785
90716
79573
66986
66149
156599
49209
70513
143007
59429
115159
157664
141542
94652
64450
63689
48571
97624
174033
48824
165274
52265
133234
174671
103594
86250
169946
164186
62441
60537
154279
83491
106507
63663
90557
48715
90680
65684
49490
120422
65152
103889
89078
112613
77832
114645
98773
131367
49346
97074
84385
54280
98833
86661
53810
147225
78923
137568
142181
95160
114465
150889
143200
136321
134130
52207
75812
53182
61502
68892
136983
50686
72597
118837
139834
94916
67394
97370
58391
62710
50922
69823
94156
109137
100462
61093
53014
100300
115925
134050
50608
61178
99681
73180
88893
112817
53726
53904
49645
50101
107597
98784
131917
81148
124449
115549
57847
146471
50271
50829
121632
53773
78271
96797
57853
117603
174571
116560
77383
83276
117037
53068
82483
105112
56194
64706
84311
98737
92889
140983
137279
122261
50538
97214
131265
84366
68793
63111
74001
81403
137338
91177
101209
120425
107709
108707
100002
63467
76705
105261
147172
53189
72513
57982
154394
145331
63216
109561
104035
124302
60354
96752
142329
65209
48661
170638
73244
114637
89365
113477
64407
115238
49736
142523
68609
54910
121628
91085
124945
84896
87958
83467
116058
55572
82491
120303
69443
81560
77782
80978
60631
79427
64411
80284
68639
75705
53494
74446
49818
100066
50037
165541
103861
62886
48704
108718
70147
134192
55637
80932
110449
50781
105307
96883
65293
64316
75752
147576
79887
87100
68616
93442
61962
63163
52893
94602
64781
103331
107926
53750
112447
63273
89252
83179
53106
62664
89152
55349
135548
151677
118024
157231
80175
110357
52583
66987
78142
133368
119478
163600
58579
118023
129387
52146
100388
99932
53263
83260
126901
127063
102126
48222
97905
49957
151019
89345
70232
69446
75982
119791
127664
114776
105316
113255
112607
117661
58169
88766
164657
143035
80341
137595
48686
76641
118718
113671
48619
58380
61552
79620
116293
72931
53767
84852
104164
57855
80547
109457
98329
129501
168422
111074
99066
85370
72301
79888
160216
97060
173365
48428
60099
153096
60726
127754
134801
78076
53520
100414
96773
114159
164336
157917
164491
73575
67936
69021
55089
135336
98659
78348
85209
120332
86131
58314
115765
120317
140727
63584
120354
73471
89848
98034
82723
120571
67030
154773
53149
149107
72934
49469
49868
61198
48809
103812
77847
72767
52390
61118
81452
67147
115412
60969
48443
50051
115061
85758
118850
64393
156424
50494
61094
55085
88272
60216
89583
63459
106269
83421
110994
81450
58562
103361
86241
138674
84584
74023
59500
97965
157735
79434
118783
108386
73561
174308
168289
58080
53024
86075
140825
118249
60425
150758
68212
90709
85063
50044
142427
103602
154050
48970
65995
50828
94039
113845
49746
113444
140730
132320
123350
165852
53180
49334
63248
92855
97509
134723
74058
49175
51117
49017
95182
112466
63903
96084
104977
124407
113964
50188
89842
92156
60896
103191
86438
84243
64467
72022
95124
48601
51439
102006
78482
165176
48388
50978
82042
131275
66930
48625
172429
98769
81910
71761
93571
98272
58865
66916
131864
134596
50461
90623
48910
72694
64287
88196
145360
138212
113895
136898
52544
72949
95168
124937
62634
145785
87961
112259
85970
48397
55978
72836
53584
101465
53077
88234
132294
123773
97721
100063
94075
150471
129096
82293
111120
74990
62325
72683
48578
134043
48770
134527
101975
100740
97385
98492
95893
61220
83122
130060
80372
116450
159658
137000
167591
66913
76122
79760
53942
90449
49255
100844
103997
101641
99033
116625
114657
121743
162939
97208
79140
110898
120585
149138
50108
61710
112804
50610
61421
51075
70448
52480
140035
80613
48105
57872
128388
87667
60966
51620
67474
84845
62346
63894
78431
95769
151262
48448
63570
53431
100859
59482
92081
69016
48527
123240
121824
88388
111658
88427
124919
64561
64633
171268
86980
80283
82126
80034
56235
61658
116667
61992
153558
171617
60269
75818
78439
94666
67675
49676
79263
61510
142909
125081
73594
56055
95549
97096
137404
154904
48716
158865
59610
97689
48864
89594
64422
168635
83934
169647
50616
102983
164136
94136
106815
79183
63068
72610
48252
50198
91794
93407
67645
63168
68627
152639
144817
106822
49624
100944
80725
110607
72284
59069
82855
61806
49194
62855
123004
138713
166184
72644
48413
121315
72796
53354
51280
79968
125026
59355
54743
89532
79520
90127
95381
79013
174271
130899
77987
140486
87258
102601
95848
80689
89302
85362
75300
68489
146464
119754
119889
116981
81503
72798
121588
77776
59087
77586
103401
96176
137443
144606
83142
103441
98963
140756
53330
53210
50641
114173
146034
140841
52686
88224
97893
94558
85067
108252
130538
51160
92251
95175
62017
98930
105090
121251
86569
129294
167100
114099
94582
138457
63631
95179
75819
103678
73095
117762
137714
75802
83643
64861
102119
100382
98019
149980
55624
65998
145137
65486
49093
48739
97941
116459
116444
65046
161872
151540
100437
75732
115392
174997
97693
102901
64089
82046
102898
63362
50612
52933
73062
49123
61086
88143
67019
48963
137858
108770
64773
109952
82735
111051
173243
99348
103397
72708
117998
76462
48754
67186
79089
159768
52131
78337
83171
74783
132767
94650
65297
50619
130891
122036
168677
99273
130653
57317
138554
98981
48377
116286
69547
48988
48528
59763
153718
65407
60601
106302
94542
147065
104754
55680
58820
69456
161782
63137
113376
146876
60997
48512
88567
78858
53083
111562
99833
50838
61420
112992
129301
98546
55646
77246
126830
128914
67330
73563
119224
160815
60447
163878
159554
166176
128086
48258
149308
158372
74352
147043
80128
70835
52355
49977
113759
66745
87359
126119
100851
147872
121900
101473
59503
105812
113537
60569
54006
103458
94549
57852
85379
96050
159820
95104
108500
81811
48393
63045
157153
100890
160151
82299
49291
51951
61256
168445
63032
89352
116016
81381
90355
109639
89388
83677
59631
79055
93701
98498
117648
78012
108600
111588
117781
78712
109939
167557
88795
113113
113151
79199
172563
117604
113451
152382
63283
113064
80463
88640
121430
117010
95443
124282
77292
91076
57321
145949
116013
69619
123187
66803
79281
83901
121827
166798
102125
67047
64615
112547
115991
48545
139223
130016
170705
66980
61739
48732
70537
112818
120479
65080
138833
106518
64718
63033
145691
112993
111293
78433
85552
109957
68861
118791
60264
166920
108439
129747
101068
68835
63039
80230
73222
111509
100275
50578
96850
98214
80091
83271
75695
152712
112720
93375
83906
169388
104401
142507
111434
79614
85711
86639
52124
118013
78659
57739
69716
123679
63960
83512
53039
58765
106842
81662
81801
85573
120280
50177
67464
68905
164869
114498
105688
62596
131496
98189
48281
95825
158404
145084
62874
66213
145619
50596
114483
79543
107442
80410
81103
159971
84582
108327
48363
80116
166233
52490
48690
160046
108939
86300
50621
103334
60184
97700
100314
132378
115035
150916
79224
147000
62273
83446
173317
174067
51047
88772
72892
141747
101228
166709
48701
51181
172515
103609
62754
80189
119461
68098
86093
55186
138935
106205
94707
65880
125315
78645
136963
86896
73066
150876
70665
52410
77554
48504
55171
136840
49635
101139
166058
103575
48774
142393
94504
128064
83058
93086
89311
127067
138815
172343
116140
98674
158767
115921
63870
87320
129840
52088
52387
49825
148706
67430
53549
65527
82615
85749
70675
77975
172237
115696
146374
98432
121924
94498
63230
113447
131620
48263
80869
79740
94220
52420
94520
165294
108095
107053
120457
101327
69310
148981
145421
112796
54913
64613
80862
91199
69771
63014
98941
72405
80090
158398
79802
52070
65256
48783
91014
131602
117698
53483
106262
120281
146044
139754
78836
97655
163452
147826
160663
65283
164007
160691
111045
160218
172049
120558
131512
83180
84596
66268
145185
109643
50263
94479
83535
140733
119509
52273
75847
118861
118158
59009
126471
83935
59666
113377
136786
162459
108317
98614
80774
111230
110891
64031
143598
50492
83005
106326
82456
63581
78983
119573
48521
67886
60089
164018
152469
102605
113548
89415
62009
84588
136637
146477
52568
63415
135720
174013
161265
94204
95199
72350
58064
49976
113330
101833
79238
116085
93614
55997
165830
48827
97417
119759
61001
137697
112987
61041
97736
158048
115457
63867
150899
75362
131376
170195
52143
131942
75683
75574
111113
105051
137972
127064
101036
60687
52132
98607
80432
146766
104735
74302
125702
89947
138680
82682
99784
87771
117567
48412
171509
67780
142048
48548
145710
156525
120554
113107
136893
106917
135803
61932
56175
80145
125096
85007
55504
126467
68163
79929
87663
55501
92221
113502
49915
118118
51769
48830
106437
129745
79804
98053
52278
49330
50757
147892
92438
92037
98738
110384
95937
60472
111198
79209
157448
48200
117107
75350
61028
48725
113665
75684
89240
100626
173822
110066
50060
115420
60280
82218
112599
53197
62796
122693
72811
80610
74111
128777
107695
91629
67426
117989
132633
93397
95666
95432
48713
48364
123214
79172
75034
70273
96955
132598
92555
142253
137709
125032
49024
171618
164913
51251
53199
149449
130932
132423
91307
137663
118067
69560
105097
88314
69159
91271
103059
72687
66053
61033
116517
124357
54415
48766
123030
80685
121503
64350
68542
115237
70141
60598
117592
74978
58526
77883
49457
49225
62513
85444
53514
97845
63632
115945
51233
72371
79936
100735
52450
63278
48628
74390
79947
96800
100757
72569
50991
90691
48649
153732
85486
117551
150033
170383
161472
91433
83161
153814
75986
97991
93429
90913
83971
129114
60298
137839
116056
104328
58195
105920
130999
108762
112594
100266
163773
73867
86771
58583
170963
163381
151772
97793
91699
122545
48695
66890
60647
72801
63198
65412
51388
56639
63830
115249
73831
93139
59808
97294
113227
84603
164366
117091
83405
78402
151548
131899
102864
67051
64114
154382
121105
59446
50341
50558
118380
100841
64346
97354
118640
127534
93373
63083
114906
59075
48600
84728
95406
78847
133176
80566
56406
113521
48500
79461
62411
69644
52160
55511
139386
51801
108001
53044
83442
59975
51748
162449
64984
82844
115128
107911
59474
99556
123042
88750
166603
103486
64642
82484
173010
113579
88353
149705
157545
80621
133541
94958
156467
111146
106451
58517
83624
68055
48220
155484
58248
91342
52959
106780
116168
94560
90385
101684
62635
59031
48400
58644
96047
51587
141194
58522
49543
157431
96219
112905
116018
164970
53066
145069
97770
79567
101220
118891
59667
125201
62418
141380
63579
51378
48217
52083
87007
80043
83426
50618
62839
63035
49417
103657
80329
48708
58919
121320
129282
149646
98927
65865
103648
48216
118267
63610
50085
169479
93198
48985
77363
88700
98735
61646
53212
61451
83641
124163
98312
79611
49923
93709
101917
69893
128769
83752
95916
48648
110957
134263
118763
114585
123617
49319
59958
53091
133957
152631
89364
48366
110332
99262
96819
62487
129126
59054
152066
80297
67821
139368
51390
63592
136869
168188
54058
163384
77369
117581
90162
59845
53496
134589
94606
78917
126731
85707
116327
106315
74241
81337
132689
69987
118349
169873
122651
167222
120576
49356
96846
73714
101164
156193
167331
91652
48810
131435
145301
95201
50141
112952
78638
147546
87127
70254
112549
58640
103953
62279
103411
127983
148910
68185
60839
106721
60693
105341
61947
80082
48139
133363
94501
97516
167904
64018
61716
68209
93425
154972
172308
48983
66882
85347
105844
159930
137299
101914
129313
113793
88435
48823
48295
112791
120259
138261
152351
167066
87336
100886
77571
116431
114195
123195
67493
48322
130973
122989
87982
104238
60332
173429
69146
60008
150628
116137
80071
122153
83308
54374
48818
67384
160466
60416
72205
91978
80878
86764
118031
89916
49524
78513
89419
50572
50855
108692
80336
98990
151573
52293
51714
61869
103928
125805
129648
85703
50704
58259
78834
99502
88165
82421
67152
63905
99121
90362
117031
80828
129102
112965
77988
86055
127288
154943
113163
87425
53456
128114
48679
61114
71931
163183
54155
98289
84578
63431
72491
134395
108911
129509
85139
92495
48320
63378
98896
104378
60106
50542
149182
94297
99575
130260
83903
101576
80752
48278
77466
54942
122457
53040
129323
102552
139772
148177
100673
114579
100917
52631
58307
138045
98495
158742
78919
64264
77357
99938
95192
114576
97112
72864
107682
62590
69240
57451
84217
133599
120418
86411
93324
84879
78516
51674
50629
82056
134509
139341
49900
114706
51658
58811
126566
57828
63264
61434
69279
107426
54628
49212
73710
51604
148076
104304
82029
120252
48857
103922
62403
79628
74951
120307
89524
128009
91274
76759
89839
78262
91022
102090
80734
167609
52727
96473
167047
148717
50041
124331
74608
88534
115290
61668
58670
107866
102341
85401
163196
64634
63028
106775
95618
112036
97699
145940
64534
57921
83827
72188
63474
59989
98920
84709
53107
115462
112499
51964
95378
57940
101243
118765
69093
149633
89154
105072
60428
146205
120509
147786
79817
77802
100342
79444
92386
49059
104943
100038
72868
145838
74331
78981
118761
53698
115240
69027
82774
110811
133475
136094
88287
103966
105212
117684
62567
169588
145565
82778
141860
103345
118092
121110
55060
108099
50603
77697
49840
82403
51067
128003
114161
172000
63523
80604
103624
109560
78593
99464
169904
62728
89298
109941
85763
72655
81973
103103
72393
154474
171675
62073
173086
79726
97784
132180
51149
61499
81236
103319
52101
60309
93686
97908
113121
138222
94810
122591
170620
98036
130366
140296
132635
126175
62083
98364
99808
93537
142529
150018
60291
53497
145081
56208
79986
123512
85972
68724
105338
101966
136483
132851
80017
108859
130337
87107
53001
63662
96589
79379
103568
79070
48614
53457
82385
50360
57836
53025
68645
60012
88877
104857
104908
116554
75829
105059
92177
63182
85626
171280
51180
114112
49181
56098
109247
113770
58420
83137
60091
151534
131513
80433
165112
52696
173629
89571
112686
53184
55216
59522
102143
89357
149099
77593
87614
48841
68869
56212
112896
109378
118909
94539
97212
69468
81294
48801
129774
168830
155003
78627
79360
87318
54072
117558
74739
53797
122820
94805
87304
113971
92564
101386
91783
51727
99899
159654
136209
112863
106467
155790
153076
168339
67013
60032
76114
53099
166162
79000
65992
142575
81200
65570
83406
94998
120921
68261
117126
115509
48329
100571
53393
108734
68132
74645
75965
113772
76898
53401
67747
118666
145293
118260
101496
89716
83649
159195
63651
54774
166204
67211
64948
120381
84244
80143
64313
118018
49012
127529
48517
64169
96921
165740
94636
60046
51980
93579
63438
79398
49542
85606
113748
158217
70370
48382
161167
155179
62667
90994
89520
86833
63835
94017
48450
141961
53274
49095
96019
89411
68765
62841
153029
66161
48315
113817
125726
116643
101631
103856
98606
103844
95454
123194
83503
125060
72932
78379
104111
101199
119424
48156
104086
48643
144419
82139
106616
169909
117975
48674
140527
123941
99944
48546
49423
111062
114948
84063
106296
64810
49052
92629
85553
80098
105641
101092
