61335
104005
79755
49691
79674
89569
104075
163189
103428
63809
85904
73474
51418
168553
62985
120574
54844
51617
112860
80191
55542
104747
165142
48734
100412
86084
123116
94275
51121
62446
93922
50207
101206
103475
72698
50690
85468
109601
137696
139964
142067
120765
54402
145459
80499
120421
123278
136734
129688
95009
79040
150129
54393
82356
136940
98125
159074
52028
97434
61799
73466
172938
141971
107245
173567
158071
54478
68286
167155
60143
131428
53928
165943
64924
98767
114392
97374
83318
118066
138846
82999
49224
85235
57269
113068
69588
95934
78658
115733
154497
79033
78023
106550
68680
88708
98425
86937
167086
91841
129568
78058
61267
103533
173770
88243
109750
67680
163458
78218
90229
147563
113723
135981
127139
76119
80821
166853
98101
170115
93974
60832
99325
69519
98799
96085
99920
59973
57839
159783
89495
100738
127499
135874
61390
91676
97937
70382
61688
72415
123102
122861
122846
139798
126902
59273
117439
65099
93847
78984
150586
105644
61144
101556
163774
60827
85610
78478
133329
105361
67654
81215
49628
169903
73184
52851
94091
60761
73048
113838
99296
95103
79721
88714
67862
69373
61831
62334
97210
58337
49344
108552
63110
60578
104889
70241
49357
110072
57643
113483
172096
61715
72775
96455
90916
58366
105751
52876
104398
113926
81400
60452
78083
142122
73146
61726
93448
107168
78512
103381
104514
63335
65806
166295
103188
74017
79997
104375
91132
132370
137401
51237
103492
79554
69075
96267
49339
69865
86768
93159
85295
48921
48740
163317
82586
54462
132323
116125
101960
98366
63258
95888
52546
104051
69231
72874
79454
149454
62924
107351
114331
100086
62249
114401
88180
80260
98506
61978
93545
48271
143481
164092
123466
60627
61380
156299
83393
126457
52853
119619
72665
98486
97732
100753
127362
140371
142235
72471
98893
96748
135467
67593
89260
50364
174195
155481
116565
94619
48785
98047
74337
157357
73129
165666
118147
101649
163585
98821
122686
80857
60329
109509
139976
79531
63456
60282
160295
110236
115182
88897
94839
74330
87078
88599
49420
86096
101115
77450
49883
73349
136517
63473
116172
79835
48590
79394
60994
88022
84274
141270
110903
73391
63403
162839
164509
122292
48904
63125
171981
48533
121492
124729
49191
116158
75667
92745
96328
137216
61228
51018
72693
63466
113213
48221
88172
96331
48791
168690
59044
54026
77012
102430
112603
165224
56042
120273
95529
168932
74431
95786
90946
157656
52644
58297
171338
90237
129166
159630
98343
50722
60456
49002
83391
174049
50742
48826
76973
49258
107315
75981
85002
72929
72747
100035
141387
90616
106194
170706
117688
58283
67389
123735
93558
83407
64084
50623
157428
114172
97225
80866
71808
122695
84066
48259
48399
80863
55872
115971
126367
131934
119183
120438
103357
65404
129072
52183
81577
87186
92909
53515
100857
111239
97476
142241
103194
123129
50490
159519
105636
51966
96435
122338
116045
78206
113072
143932
80440
60543
48394
52307
62944
68536
82630
74139
114175
163331
105064
118740
164818
113060
60552
73551
83315
79239
73558
118600
161572
80437
69580
81546
65482
167153
86692
68602
105630
153156
114580
77695
80618
137370
85704
168257
89274
61910
53249
138669
83638
153517
69424
80546
120376
101732
129532
50541
64438
60812
94453
163549
134915
99956
114562
68027
53815
49296
87215
88248
97559
70108
48459
165111
160368
115574
103865
62031
119658
123235
49949
124291
60478
90678
61738
77506
83075
60414
60169
104042
90153
92596
80664
57830
168871
57928
103507
102366
53825
144172
144979
63953
99207
69451
62616
141581
67376
53190
114472
49673
85508
75044
121496
159600
139374
54924
82531
92426
129614
83552
108412
83625
156983
165098
50113
81391
54361
98123
50566
153442
115995
77665
63678
149317
148029
68007
81897
102513
49947
115543
63856
163923
48746
77371
166947
67039
63006
160844
93733
78511
82342
79191
108184
120367
105285
99201
51909
52147
113010
111122
169669
57945
48516
125423
171296
84689
79676
121293
74924
60277
86682
74323
74557
49465
85237
50182
74044
153152
48895
81682
142550
64986
171103
67233
58345
50667
51193
96724
157776
139418
96815
89478
163391
78568
117014
120516
80275
94547
168288
72446
73085
65380
83670
168672
59969
94767
58630
141250
158670
157628
106495
89944
113037
140263
52619
67077
88206
102426
94857
48838
100381
138543
98758
71874
112470
93269
168599
132856
58576
115524
142726
75886
87824
54407
60826
72783
163487
115888
60792
95110
91618
86425
49316
78949
72539
95649
63261
114772
107693
156783
78766
61179
110940
50912
156634
118759
75330
169242
83884
115106
51268
105368
151479
169940
126887
131939
52153
78498
130315
98609
121395
94469
121707
96479
90963
60170
83162
139987
83483
152032
100396
101561
79061
145080
138875
79132
69689
48829
154799
53459
120524
123135
78941
99780
121498
124999
55142
61585
78334
94534
98904
138037
51623
57646
99333
99719
62554
98644
171019
72457
145844
80247
83913
103446
74724
53122
73478
76100
140947
83973
105083
93796
162804
78497
60902
103523
77388
140737
54400
93311
144514
92768
97076
69433
54510
82418
49197
90499
48557
95209
147966
58441
60674
80745
53714
163874
99243
102733
89820
77224
78314
69484
145292
62234
84932
54813
114109
128108
72325
78958
86318
124353
118098
94882
85746
94012
80922
48549
50322
118667
117659
64274
113825
50518
63143
96948
161887
54220
50556
76924
62206
64024
104980
161587
78631
63910
50754
67123
57644
50288
77454
118700
87229
145068
103038
79915
123265
98203
133509
162490
64144
55020
148294
52057
140020
171275
77696
146549
106341
104370
63180
113697
173735
130333
67086
80232
68393
58987
50468
83392
79641
107963
78441
167617
157287
97557
53631
97994
90182
60930
166781
124057
83547
72496
93131
103715
52142
106176
84077
115619
51814
54413
86476
74119
76179
103682
79436
77939
48884
155793
159637
165909
140385
152808
111321
48194
87206
49525
81333
140708
61096
69801
167119
69259
95979
67345
80937
77421
100350
126305
68116
89540
135559
83688
94415
80172
83401
89287
99750
162468
64116
64143
51321
52166
157402
78902
100444
125413
80911
68026
98830
116333
98586
84726
99999
61532
170059
101480
94142
62894
136873
73469
96336
157081
80959
154894
86721
62659
106554
74291
67835
100590
83366
106832
146372
121478
136899
61998
108621
131336
52532
161665
97449
87539
77600
89629
139151
120361
65166
97167
53397
60001
120311
62469
121670
121772
49970
100278
115310
51483
81673
121154
65253
59936
112492
50067
118153
81540
133649
93831
53162
50687
153908
79882
161209
66479
115104
53133
53241
131875
68275
52361
84159
91678
142414
58544
173316
61905
63583
62939
147257
79914
100887
101882
150529
60655
61351
87218
143812
85506
105023
131501
95275
86952
83888
97632
53186
133175
129380
48522
153394
133522
54940
93185
97054
173041
102876
155191
49276
51245
101840
93918
76200
96066
62768
89953
93525
72414
171180
59676
86512
78285
154466
63238
51989
62601
78503
52435
146775
51145
78520
52822
101471
68187
108441
121849
136813
134224
79358
158069
167847
171497
146560
55517
150366
51363
53925
167211
67378
106211
160697
99454
142735
170390
128601
78061
80692
67055
159821
67612
64824
167285
60637
67438
67643
48350
165733
89852
65413
104945
91690
52638
48651
49023
124405
79967
80765
56466
99824
63971
53692
79428
90473
118896
108231
82959
78178
100667
112584
73386
81389
48866
111068
69056
141958
63131
141571
117643
97440
120781
97084
84672
159866
65991
146737
61630
69814
153000
48778
104084
121931
121688
119672
160958
125268
48318
114969
158475
112176
99216
148461
63613
122003
83832
121061
167107
49056
137814
146387
48991
74496
51058
94655
67830
68797
154997
116083
93518
64163
130305
88537
48506
86228
48453
157212
110890
145337
49371
108096
72071
158401
58290
98135
100709
76472
59515
118157
120551
115561
50017
97848
100427
84844
110075
136876
156851
132696
112799
123327
64907
95861
52412
149011
122892
129583
148940
102437
84524
95981
59309
98470
58978
111337
52096
162108
104034
103371
160143
138845
73946
164353
68462
78751
106008
55181
96792
95997
105428
158925
52896
145028
97234
72766
105661
79023
90670
80354
111010
83648
156403
173070
50726
93263
100772
81845
126734
106431
53172
48660
88598
113757
133239
90636
74010
77381
79486
165034
129787
60259
82242
48804
150791
80751
59693
74648
83402
93520
50080
86403
99904
112940
121987
102706
83457
136844
170448
80833
67089
129738
112589
81283
99337
87277
120310
58197
94846
101028
99967
161767
58216
117165
90573
164799
103647
63936
60497
133711
100732
94990
103392
84079
65669
63929
61968
97882
81595
72385
49414
96272
113752
53710
138872
49182
81214
82310
146276
98367
116936
79251
76587
66686
86509
56390
55495
157038
95847
146701
105132
116962
48748
80615
48561
114238
48685
158876
85050
141307
145199
146850
95930
61842
57918
113509
113753
51122
70004
164934
102024
49162
141618
121646
166470
104548
83302
97402
61920
120572
148730
54699
109970
79475
78829
61088
101254
62892
60568
83173
88039
62449
74009
80322
67418
169872
130552
171279
130601
116578
125058
142996
61271
101689
129405
102872
114946
160349
107895
86259
123207
112193
97814
84673
52484
95518
90167
88939
80397
90567
61475
98442
51547
60458
111110
90318
164885
90129
101945
80942
102016
62973
54255
48538
116196
50064
61177
113754
154857
174574
77238
60533
48437
121660
93365
53046
84268
100024
107389
158692
64817
84977
171137
91130
119650
81327
122267
89440
102010
69097
93677
159944
139580
158869
102968
50607
158754
120372
60211
82585
158586
118908
104879
118198
106188
113965
100115
145114
63184
75367
165118
159073
84967
50370
113943
58443
96093
60758
86073
53573
97751
48859
52623
81312
103304
102721
84182
72576
64204
109998
128725
90947
110934
156844
95301
80059
54473
77858
53029
64582
49189
104782
60509
73845
157552
48452
119123
131400
88422
144935
61193
165255
51256
103440
78146
118766
66902
142385
48758
95106
104976
54651
125569
123532
122462
87124
69032
78743
85185
48284
82773
79479
103052
69103
104606
64106
60312
165565
117520
59148
80580
105760
117803
58880
73276
136979
72828
52155
146017
123595
88533
116199
85979
96421
89359
140889
63997
129630
60555
97691
78063
123740
72289
52993
63710
65327
121975
59432
171714
87209
80887
68028
83745
149640
49137
123780
152579
113062
106441
103569
100447
80681
61527
93460
90330
91406
88986
164372
105508
68448
89731
104556
58099
94674
85744
48975
69439
69725
80428
89534
145872
62275
112280
49929
63959
50963
60520
156462
110046
93744
94538
160023
79634
60806
107594
165782
81670
124926
78287
162370
152223
48410
51579
62927
74154
49994
94041
149729
97204
69659
117721
64003
58656
113379
75412
132056
60419
63580
80488
75527
64960
89105
53135
64548
122424
87197
63667
114177
103416
83759
115892
81220
58874
115823
64126
49984
124082
83272
142626
74004
72368
123293
68029
120362
117851
164311
157971
102918
171183
62425
88666
91425
113035
118181
52635
102473
98698
55395
70527
96461
51515
104923
146441
140898
48966
162902
71117
106455
94564
83239
74397
124892
118250
116986
67355
127217
122748
105364
60809
52769
92371
113659
49198
106525
95288
49888
80797
174048
68394
84004
98949
60993
114314
69272
99853
92477
136404
109243
107903
78049
121522
131349
63150
91660
50678
89335
99964
121989
69482
53317
168779
150819
133335
100619
65911
84116
72830
76067
120337
164087
58268
100741
129948
49335
68516
165747
107453
75343
95872
98384
102700
150059
150395
58776
60437
80854
78646
98309
115771
61505
66918
78899
78532
113843
125668
80950
65274
93235
123224
112336
54610
142214
109795
81706
57590
50579
92712
143394
156942
127196
101440
73923
116002
50628
68599
52567
95918
66121
97643
88284
48438
122271
120769
100087
86793
131619
49686
132292
81187
167619
94871
106234
80029
112509
137955
87476
54202
160461
103696
83208
102000
78786
83270
80626
99790
51097
143000
58104
123313
114310
110955
49004
63514
63700
72928
132045
123364
64511
86515
97821
80309
102859
157966
80183
104909
59343
142432
145827
94304
78930
80908
146546
73589
162307
114705
145902
107170
161077
94093
63146
56296
80846
106005
157206
61798
80845
60492
156022
107022
169518
88710
137936
78390
108928
69992
59942
123506
61305
64486
52042
113449
72181
49415
151375
83313
77237
54707
128746
142041
101355
53897
117654
114884
51664
112620
77845
77253
120514
110577
76581
95272
105165
156245
113821
81592
144853
57562
106521
101729
75567
58041
98163
54234
62595
59143
140472
49179
91980
50273
70082
61669
168283
64284
136875
55509
79085
54652
49088
58524
49101
168334
53812
62849
53266
99475
130700
66618
53312
83280
83927
51726
48845
52571
67283
60321
84900
79910
136037
123732
58240
70277
106767
163069
50266
80894
97776
101568
160849
62650
100292
50320
55027
117641
159979
65339
50958
78660
138903
121198
98090
61442
148322
123332
61558
50119
95388
117671
99189
121550
141916
83350
162888
50697
105161
103960
85075
114547
132586
160520
115466
86527
52202
66671
97103
77427
105820
100284
61701
60469
65989
168114
97762
62967
78649
115327
70078
57607
110476
100813
164841
80398
82174
167389
78675
130925
151844
79627
53875
100057
98372
117515
53745
80201
81780
60946
63475
162736
83578
72273
59112
163839
58824
50602
130468
83468
51401
116025
83082
78800
79092
149664
95240
48667
82044
59953
174979
86589
99895
79283
59997
96118
49174
49833
145323
99873
63813
75676
105329
79331
123693
75913
52918
49104
147664
62182
123082
74107
102920
52429
112183
65089
78581
64707
48518
58319
105273
48568
113959
112825
49213
97182
92792
101005
93550
52467
96502
79463
75671
113027
90302
56119
146000
117078
98022
81116
132256
105460
164521
49941
64057
162436
60838
169351
121750
62883
145788
107544
60840
51364
65321
110378
128097
114278
157311
173210
161161
69048
171689
51285
102557
65855
104011
53715
64913
78136
106668
86497
65352
91204
146046
112724
121485
123787
97240
117020
105855
52691
161774
51506
106365
111613
52138
61166
154362
111109
57428
69475
170960
95506
58493
121517
118885
48496
80174
119924
61071
86235
74308
72860
87672
64185
83128
67167
68699
116316
169296
59922
74136
105063
130658
58005
80654
98540
78500
51098
95042
113365
150425
92474
141578
88569
50135
77692
54469
152951
57808
60402
50651
51653
86193
157117
123181
82994
96801
96233
129289
88158
53391
54859
92083
170893
113439
66845
173455
106800
96503
168614
67371
101013
123123
60203
63141
113448
67924
122827
94923
55513
149186
118310
138411
52856
155652
136557
121672
168437
149804
100598
50739
131738
71911
52891
110971
74020
98871
61769
114436
49483
93617
173174
121538
52700
130830
60411
60018
79840
118631
72561
78222
100317
163479
75063
52702
99936
134700
89193
135825
60241
76309
78813
58700
48424
145143
60559
85131
158484
103759
70508
171412
138372
80065
151268
81210
102401
69711
112883
54309
84076
48144
80529
120444
89578
67717
145235
80202
58718
60776
53905
110371
102103
98481
64101
48751
145170
65591
122725
58317
123096
53770
81542
72843
65587
108488
67772
154990
101159
52426
115993
119524
48190
98373
106514
64941
79702
129669
70826
93741
78470
80168
116662
150868
52590
52095
48626
108670
95828
112313
55545
116278
48491
88227
101194
68188
64859
114339
48515
92979
79421
133297
63722
102963
52927
53062
98955
69431
113146
102294
79219
56144
52562
121829
106200
129713
139312
123152
124681
51348
50701
86469
92966
151437
85089
50570
88802
165024
137608
103830
49247
79153
59056
142950
138153
96184
122813
69849
103408
162340
121531
54626
83131
60545
106139
64342
79948
55508
146488
109162
64065
108581
131931
121540
63315
102789
99716
48676
76301
93606
74089
67471
77634
115507
113531
115779
69269
140250
79659
68533
149278
51057
98764
52967
158938
69212
48854
82035
87200
125110
99060
104368
72822
76383
103352
102365
72150
129919
74602
91587
74418
141739
49773
123382
141766
76099
136163
69541
103662
80290
74081
63498
130594
78584
100280
53776
147018
48185
112886
140823
50498
103329
97176
68460
122167
49108
83480
66677
53299
164977
172764
68737
80799
48370
54805
48616
99361
72324
58151
97554
116257
67699
121237
72501
64062
75406
159181
48629
100547
67959
170236
124557
68632
60646
151711
140540
96332
98519
62408
116061
55034
58843
95550
81070
96045
96506
67416
173112
163050
56015
141057
52888
60015
52154
85146
116598
100178
115833
141746
75888
57549
99394
114274
58406
49010
94630
74412
82938
166001
97757
149271
112695
53435
104485
114286
78867
105360
136012
91470
53335
100799
99157
53177
61796
49559
166052
78438
52111
123721
136029
93910
52843
135608
61809
130657
85243
80504
135003
125082
50821
133389
112856
97769
142467
83220
89247
78928
134896
113442
168479
72353
170506
118001
79789
146762
64315
82907
104046
115716
115924
156909
54073
121381
81736
98843
121607
50613
53314
53290
91094
81598
78682
113778
63471
92705
51234
69254
86665
160992
133975
99331
139468
131656
83354
99322
111127
113205
121278
173750
113661
60744
79785
174663
99459
73544
85786
126922
52060
114134
72635
87422
123930
166897
90088
63557
68058
64466
52618
93522
91172
52929
72696
48899
110860
90921
52074
108395
142420
111707
49377
69674
48431
121976
108118
62455
60975
173239
78895
136514
105354
53338
74167
137999
137313
81209
83130
87494
68586
49307
63460
86422
102523
120528
82595
78479
81419
89308
117691
66640
89795
100985
136803
80251
51614
54284
145294
101274
142501
70418
59445
166555
63276
82691
119476
94661
58266
83265
118890
117616
97553
169833
96013
83743
114113
62159
137506
94064
118662
107149
80838
115183
106559
98137
64364
71644
101962
84112
61873
129675
103535
50564
73498
96568
128018
48372
81158
50493
137902
160998
67382
95908
105637
61016
140461
173330
120556
109817
83502
137840
149639
147511
79964
103557
80583
61168
97606
48790
89283
122620
60455
138219
102093
73617
93383
80412
55370
66864
110869
64286
89694
104389
69160
77370
81245
90174
83279
64531
64098
173634
105387
96372
138909
158542
78034
110501
90012
55052
101008
107155
50554
103613
95474
74543
167360
82846
124751
79052
154605
75678
91894
86216
76265
140044
109899
128850
67043
59569
103402
78440
78488
168463
62748
145896
58044
68206
49176
117063
98186
89317
154756
49882
52565
99767
155819
85920
63569
89557
49485
62729
60188
147759
116557
51301
130242
51140
51264
94058
64500
63864
113366
141316
95127
49134
72572
172865
142262
140128
104012
65300
117717
65069
142367
69144
155760
102302
66999
63320
104107
77250
165838
59172
61979
141754
78521
80523
119307
55066
117074
137329
48848
77333
48591
53626
69251
94642
100155
73858
89443
79600
124456
164723
111520
63604
118015
135517
72657
163865
115746
143049
80568
97413
118021
80345
138417
109801
83925
116012
102028
61010
100879
141589
73540
145470
153131
123694
61743
165209
65595
140292
95445
78068
62859
83642
150789
78388
85986
58488
110850
82487
83834
64052
75988
114749
68612
59177
83738
77241
166811
80198
89074
137493
139328
77412
49909
60523
142348
94572
51453
91395
124503
125136
105513
93510
99272
134445
69338
51015
95706
58490
73052
125802
50748
98311
94941
97577
92068
142441
49858
72433
49140
96571
53933
65278
153371
85761
63185
64925
110594
149270
95592
100041
97575
80094
108346
107881
60765
80227
64537
79745
112087
55505
61863
94589
84882
100974
80460
104854
51940
154669
57915
77429
90378
103081
165208
129436
77800
81615
110003
75591
85977
150564
112020
123209
98414
76432
64082
65739
78883
115483
86278
80449
61413
88340
86851
112830
174187
78066
102826
53449
139317
152038
53045
160602
61317
84819
79985
141324
115902
74030
68624
88105
87673
123201
94790
137669
93034
101030
49238
80879
50768
174097
97196
67391
64075
53258
76931
80886
52512
55124
121572
48792
99900
120462
90156
77445
53696
157355
60833
60653
113204
68247
91972
73828
77242
53035
150839
115536
62640
67002
98277
120540
49837
97105
79513
93876
107411
103517
70163
92106
78620
49544
61817
75460
67074
52344
98685
98017
171026
50643
97970
62174
97772
53550
93662
169012
118788
66909
78953
163597
78449
86989
116054
81550
92239
99104
73291
94738
63922
95671
142308
120388
172150
64227
67091
96814
83596
94626
58349
83117
101477
53716
113866
72918
87120
118748
98855
64721
75564
103111
48671
145980
80389
105776
91448
94704
141003
135242
48344
135819
157408
99888
136933
118242
108938
67314
83126
64777
57555
112792
103998
80081
158596
84509
80637
51960
81225
139784
63166
53746
156499
119423
60432
95320
64349
73731
64206
127814
100131
144330
125345
105553
94992
96319
101560
103942
106312
116479
88541
106621
85532
54671
63448
99185
86361
168432
67411
67487
116411
95971
78427
60185
174039
60229
96493
51810
49435
96739
120851
94783
158595
95680
88799
98616
114100
106714
67639
76036
97209
132822
65113
75741
75552
51247
73083
62459
53568
48816
77823
166971
48326
80885
121442
111024
126135
174981
110937
158185
65421
109691
99909
71179
62885
87296
65272
97915
48236
116029
79779
151104
58037
89499
80928
137891
152399
140834
63328
115297
165155
51972
83289
54513
96835
99722
92590
88498
52461
100507
48605
61614
83049
82217
54229
80622
48831
173444
49683
69411
50729
118490
57667
163544
50295
154078
69283
102583
138840
61871
60968
100404
103700
146770
94608
73086
74637
71665
120790
114169
64113
81093
118111
56302
60856
64389
91088
58671
150051
145935
151021
110761
100078
159583
123996
52058
98223
100528
122681
69235
92880
84357
95896
124819
100981
113214
60513
86213
79294
57377
109947
131436
139790
61548
148329
72704
98759
57677
121249
50315
129307
109814
81311
53719
117589
63227
78252
104555
51189
104874
121378
91011
144068
85926
95189
124823
48346
60707
67003
123145
139864
76345
156706
68576
83661
64432
108476
54435
48858
92089
72790
55972
98603
59928
99689
72851
65907
157890
78300
143783
160722
118617
147626
142592
65804
59269
51191
124578
122174
152525
56245
79365
58664
96014
160921
87166
111530
79051
61361
49106
58163
167509
52679
123406
62834
52721
72616
52351
73106
95577
124834
115670
147053
108163
99598
150054
82617
135326
63148
154032
86503
91012
87972
116069
167338
101230
55191
120680
63154
53906
63269
137931
59299
106273
48750
138111
148660
85178
110547
102824
114461
57080
48532
99020
92607
65316
61918
92988
138960
137675
63679
54093
69438
121096
117704
125343
61829
62321
65241
78019
88163
146938
52311
79618
51255
60656
60299
63890
48537
109609
111784
87370
52194
119594
147268
62766
58409
108239
107838
53252
51619
82901
139809
73841
133589
109881
82877
85750
108563
166751
100744
98884
102098
74362
94370
58728
118110
93715
61281
120480
63026
104866
88612
68349
161811
84696
115807
145551
145350
118664
96087
93818
132385
99101
172027
151494
95867
66903
97615
119614
112777
163581
103187
115162
167136
107206
88671
104646
57335
69974
80048
156431
52849
70031
76881
65090
48430
169612
82175
52329
69683
62201
98825
105799
84398
145087
53879
115541
62663
55456
114775
145298
113117
100242
124261
109219
65141
95147
77009
69037
78785
116287
132776
101462
50107
72335
52347
99208
88756
51064
53732
122796
73037
101302
48116
160973
84285
119434
116563
122900
100233
73394
103842
139454
144927
135311
119468
76824
159382
64387
60932
92026
60217
61167
59764
137020
62476
53609
86485
142833
139616
60715
95876
132499
87286
87136
150923
116424
137490
84086
78535
114744
50171
74057
59614
93409
52239
64154
107916
83167
48949
166165
91888
78997
70392
78378
114201
52655
119469
60228
60467
112764
80255
89932
76111
72746
64839
49221
81794
99891
74084
49075
119534
63762
65270
87223
105934
69928
113276
52537
83504
90846
115936
80148
94170
99751
73070
153369
61745
80369
62713
147523
48710
48520
86231
50844
52841
81310
103618
86776
105976
85574
80461
49026
69460
150792
94480
71628
86269
51752
104640
60890
158423
159540
118674
80346
112165
113767
111209
76094
159923
67303
108971
114123
148562
69640
103722
117870
65276
50152
77355
57817
98515
78399
90101
65384
89937
49244
57400
115988
79282
120284
50083
61021
121545
72680
88265
52362
61329
110136
52198
53482
70027
115802
70703
58075
78065
94212
89586
91944
64715
93433
106920
114942
74745
66205
101653
146476
145299
49355
97357
116440
62103
48978
93870
119297
59945
169930
85726
133743
68142
73698
94722
113282
69594
58089
88058
113222
80434
112262
48376
48615
73334
50424
116417
79047
59593
53618
68625
65373
75959
165797
78460
114543
65277
86105
69869
132838
65833
105140
72564
60109
63687
50592
109577
79063
170905
100222
96459
58822
153477
71659
72756
58114
97381
115990
161550
132569
62722
48961
93504
92184
155171
146600
110342
50834
75975
48964
98726
61214
61226
116753
83509
63176
76165
107372
63824
94486
48672
116415
143126
59811
50600
147396
93803
84103
64945
141771
107002
113936
62661
131724
101738
91572
62297
122984
124564
59789
103478
97305
83410
153692
79544
71744
93322
114771
85425
61497
112550
60382
116496
80946
93338
76029
98510
147710
49041
115226
73943
124398
169923
112163
78696
80810
87114
52968
114463
138721
102186
123686
166105
54379
94053
60877
50543
95887
62791
54837
99619
69108
65909
150519
80445
54064
60076
76103
142343
159371
53507
73516
110054
102600
75463
158827
98328
95535
73523
63130
96765
94668
136645
151791
69554
78505
57763
64562
142796
174572
98605
88493
145615
121901
78086
139423
78571
121205
99305
73173
97139
122016
75921
123697
81083
115098
130575
104195
60908
48507
71509
69324
134342
61176
115983
55210
159842
52611
115398
50513
49016
57550
50519
48855
93563
51950
117175
54982
113498
94903
135233
58425
64014
122370
130138
51295
163089
77391
91188
48158
116070
87863
78477
67231
156442
49279
154568
51807
118914
63608
145022
99637
48269
80167
100343
80657
100468
124957
112430
93316
48493
94571
80881
122886
157438
79356
137548
61706
154226
121534
153146
129367
130254
100286
149284
130110
158166
50122
53166
62511
119518
105173
124067
97451
105966
52139
136957
54746
166508
122284
170453
58610
84423
48209
91902
72295
116300
121388
55070
118936
143976
84405
48915
61493
106861
58328
67467
116073
118624
118105
54684
57313
117035
96235
65044
83355
50235
98292
49735
98316
114414
113026
133814
121659
142915
84262
54112
160325
81047
133183
84858
94419
103615
144525
104987
99876
80431
102077
154369
48566
83907
53851
53939
81396
62893
78597
53964
80851
140742
105345
49111
174342
100840
138679
143498
98865
134233
104965
53539
50170
64798
50706
96434
50456
68866
77698
67812
127997
126500
136014
108582
77375
54600
64936
51410
93479
63249
78890
92598
81876
104520
116947
111330
122034
67669
68093
129182
87902
61356
63332
96457
146867
154383
123878
63086
62705
92578
122362
86482
100833
64137
97347
112774
55424
135505
59385
166139
52941
63430
127512
84496
77525
91844
62538
126921
80233
109000
137723
83235
63347
75979
169792
100660
50333
147899
63854
158768
75530
97486
102197
87523
100441
93207
63987
145011
50540
83299
140221
139783
170229
99016
173810
142153
54558
174043
152112
105320
50637
78434
90787
122218
58261
93411
101721
50308
85545
60815
63485
126153
66920
139487
127301
109514
77014
49829
93868
77779
104394
54491
123198
94826
117732
61812
87611
66112
61623
124212
105655
98762
63589
110888
52082
163552
67344
98024
114259
121532
74717
98569
163024
49131
69486
136087
103706
146616
123089
62146
48931
48688
96500
109955
113054
135196
96166
80841
58642
87725
81459
160214
94441
102358
66214
145461
165253
133643
50966
114996
150952
64117
69728
53844
53049
100766
48487
80735
53886
60978
61478
83987
92974
51744
76489
72568
74178
120588
79284
137112
79154
53183
121150
170198
129930
54426
142021
103871
112451
155692
116126
86114
113058
50656
96802
88551
77395
73629
54306
124625
140969
64409
120249
107367
50586
85990
82623
83060
136962
137135
51259
50571
50532
73203
70085
174736
112287
139481
155313
85093
101559
103496
98073
141278
90278
53805
161743
144453
108931
126969
121664
142374
64039
64028
49353
115534
102802
79500
57710
65959
132678
48436
78251
63233
164789
103611
88029
59366
121441
54635
78623
76879
95457
146270
64801
136791
79813
74014
48745
59170
79319
62981
65043
88256
87281
83119
113631
105228
97710
99931
108255
142028
80679
94787
133527
73814
93766
173958
65172
52128
119290
90084
168865
137990
52767
64956
48442
105332
166927
86555
151787
113739
80742
162971
126975
89835
90308
119508
82986
129619
146304
97998
94521
59749
87526
52709
115512
123687
79018
86652
111419
95170
102129
48955
145430
72705
77384
48968
73101
100684
112417
136689
63312
66199
93611
52316
149117
99287
113642
77656
75635
48404
113672
115138
112944
94981
80870
64734
92916
62187
80565
100750
137681
166824
50909
140376
104488
54135
94260
83047
76459
67210
87507
69463
115494
61886
50239
98888
89162
103481
95566
64841
126870
89468
94574
80798
88673
87407
87376
138472
110814
57521
52704
62776
80342
93439
98174
72815
66975
135561
124827
54172
58327
70762
61934
101503
89336
118231
51724
93514
52825
121507
104563
64244
130037
50956
49173
84295
78506
150484
98433
106545
60141
98671
97259
138100
48680
57479
104266
54711
88936
60764
124844
82947
62531
121677
74205
61313
116311
80086
87952
74940
83388
163573
114281
51754
158874
167294
76487
62450
60893
65139
61631
119621
93815
77702
160556
50336
97967
121713
63811
123610
75722
80270
48598
103388
100497
66658
60266
60801
75709
56693
78570
83185
80589
79647
87148
139805
63402
110767
121784
95479
58898
121115
94910
111125
95255
53269
60841
103617
138150
97515
51715
64491
76348
64040
67388
49167
106520
55351
77040
48391
54700
95812
137167
97812
118910
49720
51250
83114
164410
122180
96499
73315
52703
64436
110287
51957
78484
68522
79462
81099
48365
166125
129864
134308
83399
168460
170509
165759
77729
79806
144213
83627
124903
79977
118699
130736
109535
101425
64189
69200
58396
131549
59237
111218
48193
76877
68784
98280
139647
113079
163435
98648
95356
51288
48793
118762
74095
48301
83245
76007
78471
81138
62164
95411
58876
152586
161258
132828
122386
64965
158278
52870
54446
52604
59893
90331
90205
64992
123915
107118
63827
49716
108194
52460
89208
90657
63516
50588
67984
118839
113236
79178
132308
52401
48472
136779
52399
49887
97802
64388
103957
86667
165103
50534
73717
50589
50069
62902
139425
53471
78452
110397
156312
87932
112593
156076
144961
113507
88864
160644
81689
100544
60439
52283
61986
48987
52508
136970
166849
65722
103907
64863
83361
58281
169595
86895
99989
116447
86470
144544
98953
104676
49239
157426
69125
122769
92950
89935
61555
140358
66801
50591
129498
96527
48380
63210
100534
103683
84450
53818
112854
54159
116197
113341
86104
59822
67431
93846
94583
79324
67834
162720
163709
64118
119541
143141
122804
52161
61839
166871
112544
94723
94492
50529
78029
54300
78394
151287
87315
121409
131621
79125
103524
65232
88804
117575
100316
103744
115935
79162
77742
90688
172822
48938
88636
132993
60772
120699
118893
70283
131090
122006
132404
53118
62226
107692
48700
96803
78045
100652
130911
66580
64600
80209
83390
82511
158988
93453
48636
72752
124268
52550
142365
49274
60900
69690
94477
115480
133191
60237
67023
62571
145195
130645
95403
87880
73908
106165
80123
172215
99148
66830
100737
86336
87991
75942
142254
78552
83246
113086
149123
60541
130241
100874
74371
68635
63282
166694
82768
77610
114170
80235
97583
93759
164957
61074
90574
89582
48692
168149
100344
68820
129866
77120
100283
95635
49521
57425
87266
65116
95901
96839
118864
160715
101137
58895
74346
103407
108454
126893
50338
59967
76834
138240
71494
155533
104881
118184
118044
65898
107862
174675
93229
64347
78799
80856
83083
112765
85870
138717
97245
52392
69892
88282
80234
102893
87419
48609
97614
60334
172321
79011
101786
110365
87950
98092
113081
93313
64504
128453
97382
81195
80406
61436
93651
122754
53432
57056
137877
87603
58339
78026
95562
73534
77805
59289
145481
67044
59539
57560
164481
58086
107765
48249
169085
67282
53481
114258
82368
64195
61274
87503
79269
82793
125889
122011
123048
100031
118337
158901
81799
105015
170267
82074
93561
158408
142824
74019
165050
146217
50116
132329
113259
83965
95194
126982
99678
50620
105544
64417
99845
95685
80368
66807
63095
169837
48484
105169
174237
170989
50021
131219
50191
100946
80593
142269
106107
124312
57557
158989
140365
83622
96086
48664
112925
73137
94646
159296
100108
86984
69884
80627
64164
89866
105400
89429
48155
157649
51498
60875
64807
57955
49633
138661
78445
89275
72742
48206
125299
151232
113389
79751
64835
94631
115479
60859
52697
118826
67325
59952
87254
61207
52424
78216
56075
80895
118852
164342
64454
172479
121741
102218
61464
74226
169820
63314
62912
52991
95611
170588
50516
48248
155888
66051
50520
65408
87143
59532
157807
169952
72628
86463
139432
139686
129381
166073
174309
63389
90653
100240
60998
83455
105251
115530
64042
172519
61244
50836
140209
94356
65838
101942
57842
112744
63199
79542
145055
79587
60943
113735
114944
84198
53589
54095
55179
85883
49058
134730
74894
132304
98484
74357
60733
91663
99093
142016
95120
60663
90941
84885
91885
48421
150609
67874
89941
93787
62433
60879
139944
103932
66176
87387
49703
68832
97854
61917
118586
74713
84317
69250
114950
115063
64355
76506
97959
103962
83003
75244
133342
65744
78656
85325
99887
89006
162020
77986
105331
103793
78036
59632
126836
79249
145500
160813
78828
60272
50446
110883
105250
112347
63297
65368
137942
75843
95871
51933
48188
74034
104406
129165
57997
118672
75809
57845
94678
78808
63839
87916
88764
87279
87675
66835
124607
48730
93231
164253
78748
83498
126464
53296
110827
87227
49788
116640
144370
49359
65315
48107
80536
102242
52880
134332
89281
117749
51517
122472
88609
64559
103781
86860
108182
109666
74808
97178
117506
86471
168760
78990
89309
76340
116552
64119
60871
108038
79201
52421
167612
69676
82852
90626
131244
152746
85081
65279
57565
100231
101272
147806
109693
145273
73502
86451
139513
107237
98937
91682
62395
48673
54643
95012
63805
50708
74283
89952
78565
139428
73586
66148
89921
53738
53624
59324
92608
68477
65895
87708
98043
49314
155117
121418
158088
53988
63927
168427
160281
94576
69436
112057
54214
67263
48795
48832
63869
137656
164717
63808
133660
93418
63821
64138
68640
111363
64210
101135
97412
117855
161355
67505
89475
63119
49641
61480
64796
79437
49384
97368
61500
53987
112453
147659
57609
116605
82991
80155
50195
118088
103857
62080
52031
49211
94301
48843
53858
77989
49326
170467
126099
138226
52158
78044
63470
72082
99610
99416
117155
105550
97565
139935
82012
94633
115230
54958
51375
98489
112301
129538
143760
100821
102905
78081
65254
83567
51352
80673
86906
140870
80470
67366
53580
89515
53022
104790
71892
77233
147035
164172
149329
83893
82434
50100
97999
48665
120357
116702
85769
142562
98892
53516
112789
94615
174206
95840
165696
83588
83944
104451
114276
165866
63546
113901
74753
101781
69104
77069
51290
64273
74039
163217
80888
167428
86559
62426
62816
105822
92971
90303
51457
61195
69834
160864
53794
83489
124623
98310
84862
83692
51809
125134
111957
48498
97265
136828
51055
169900
127003
115930
102059
73262
56355
133200
83347
51120
119611
96255
89850
65628
123747
96772
98228
118171
61563
107203
100375
99155
80305
158239
132971
127024
84362
88836
103528
94273
127996
76923
78374
116007
69041
89564
71792
101856
66186
149841
55079
52873
57310
60863
95380
88222
115446
54443
167501
168745
58779
114376
85997
73456
147584
79129
68374
111030
97016
117263
51816
89232
80779
50526
172326
78602
80772
74771
80666
51282
146755
69958
86465
94131
88198
95006
56399
61983
146925
52036
68497
50174
154000
85915
98743
97543
170627
135864
101807
48775
172393
87975
86643
155704
115451
96600
136943
114075
93428
94166
170895
88947
75566
63058
90932
62868
63590
168174
79078
96818
51392
89306
49183
78664
48367
119003
71886
73505
64120
71737
101720
160670
68496
52943
101097
124393
64097
81341
91781
89246
79609
79029
78459
140117
95858
114149
129196
49578
76867
55156
87396
48387
116669
117593
94555
113327
48369
113215
115489
149112
48570
56312
58482
65111
83247
113474
97714
77054
78326
137230
110887
120505
50823
48588
144824
118280
101792
99975
112841
94963
59114
60230
103029
103993
48882
65822
110740
49717
143402
50856
65409
118854
165417
80743
91740
83106
79007
132198
112731
60279
117545
108940
72416
53277
153532
48637
48815
94934
82282
86747
51225
49928
122230
81969
48287
48145
140775
77542
94969
60450
158121
162966
143757
69187
96847
83303
114033
78258
66571
164236
98030
164735
53288
126993
102205
78966
123075
52912
116491
68100
117712
96860
121172
107993
60100
164800
106641
65155
104175
100166
159372
80178
124096
80556
135068
64326
71710
145910
120270
142958
48761
145911
121379
97798
108484
87189
165269
81659
96535
127991
53452
141112
103152
76752
89930
99792
76245
168454
78729
58429
121206
134593
102803
123196
117406
100360
166153
149285
99885
52588
54428
61386
48917
133206
48531
149432
67822
143563
58232
57500
103605
77579
96813
159149
102875
99963
167242
48909
61543
147161
72890
48655
67159
146177
70540
93455
94867
62482
88649
160187
60785
99212
48351
53808
165946
48930
166623
63218
119265
67292
124830
48356
112698
51518
73694
85873
113932
102841
85410
119088
138882
156168
84671
88762
48415
58358
121368
118053
84319
125046
60239
97827
48455
106371
48820
88164
62401
49930
51010
124355
87472
72666
132273
73528
67700
52502
62117
134067
56291
124318
99966
78474
52455
155077
107465
128986
78030
163888
72982
127221
137474
166575
64384
100329
116983
162452
65679
48805
97697
69068
64224
81060
62160
139456
98643
113355
67839
81141
121536
94961
64971
123704
133754
51720
50682
117801
63152
122907
120555
68853
63319
168502
148789
87144
171606
51089
51148
94090
67153
129319
102773
96106
111973
139014
55223
98472
100289
66368
88122
62457
49885
106849
118886
99601
120251
161703
65883
54076
60405
103513
74218
128098
88755
89035
86864
162074
121525
52608
55664
55527
51824
146210
118756
104170
73479
98922
63392
66893
86398
78268
66791
155561
106333
59968
64997
107920
79467
69576
132555
160770
61270
49302
82876
116036
103156
168356
63926
103554
90296
158355
111643
58467
56884
101358
131482
86370
80919
170355
50941
53576
78380
118990
55077
70018
59038
94832
68529
93332
105162
119519
52847
51276
123270
54384
93735
135569
58343
48819
48630
100374
112890
79903
66145
166776
136830
135601
72383
61276
113020
61049
100475
64513
79590
115510
172681
56748
142746
87990
148095
65764
149276
83121
69483
52917
85294
93507
48584
104440
102289
51031
134326
62925
168469
48497
77785
51536
111518
116754
51184
72364
91209
136948
90505
79136
66888
98753
64896
62186
78909
51768
49085
147583
95123
79366
118223
67567
73089
133749
136091
101549
134114
99357
53428
48247
49267
102930
97146
58277
136025
60636
65049
48840
151712
171488
82387
143997
66642
85455
116688
59775
51246
67897
79953
76421
89838
103952
93071
91283
91920
75685
117269
118361
170322
96337
49282
118225
85757
50168
55381
170070
69336
97039
51025
79226
61868
173425
67797
122895
169616
77794
124748
108561
72973
115413
164588
109558
134947
86434
85567
99894
140341
130029
88942
108105
61645
166344
148560
92823
120674
50014
120300
89719
49232
149698
50137
83253
60514
165595
69224
58411
97030
96444
76213
60040
67478
62978
135382
75501
50545
117792
74860
61306
154309
168090
78686
123072
116368
101258
170041
97569
89618
58330
88732
78599
146533
95401
69442
79295
69536
80092
98464
90031
88602
79613
91173
50346
72314
116609
100455
80574
61507
167561
50863
164596
82899
86142
63160
55418
122527
174584
97779
98984
145975
86207
48331
51488
166251
118119
129602
170296
163541
81231
100071
66042
53535
58370
53634
61874
152647
112875
126621
101660
61672
80749
82050
137505
99785
48505
77409
82754
92409
133539
91796
63401
65386
58308
131717
56262
134170
67221
48607
76079
100774
80333
126825
140352
83960
100365
97239
77342
111479
152790
118736
48499
58323
173742
103108
58770
145120
72710
96641
85929
95281
114490
68775
146120
88865
95757
107714
168436
69317
62844
72299
50418
121584
61441
156284
49090
98086
73576
113969
48981
58236
49091
52670
64115
76644
170042
147217
65766
166629
158385
64711
54080
150002
131869
60731
94372
109953
115800
103567
50245
86197
58471
83244
97465
80930
82967
101550
69935
87963
50660
130135
131401
50226
97847
92692
77771
54287
89945
103244
64233
115219
54336
100746
121164
55673
161570
51602
103477
109559
103754
49196
62974
77271
59938
67484
85816
128080
105116
52469
51138
117705
64488
88847
100327
63783
74077
60400
121125
87641
85172
132312
79407
87300
61980
147371
93381
96569
61222
62458
58276
49794
170825
53816
61363
64887
155708
102283
61398
122865
60200
88615
65725
153836
80623
50674
121411
93210
97921
85981
89861
95384
60434
115223
115518
132291
93389
156825
102742
71751
53828
115737
110536
109940
124068
102135
69215
78701
172412
163605
69003
169711
118957
58567
100030
85331
137229
74013
84191
52593
109612
121387
48390
49932
144849
151503
167019
77404
110290
67012
72609
62274
90907
140740
95596
96334
69810
67623
147220
60404
93978
97522
93047
50685
79499
48658
104091
87356
53491
75495
118949
72437
149673
89402
50955
86137
52352
79258
155473
98960
64769
172394
146541
69176
60732
92527
145786
69479
171356
130158
79580
110782
108672
80203
62759
110664
85921
101510
69852
58091
123067
110795
160617
69829
92008
78877
94323
137913
112045
138088
60591
68043
48337
133405
120433
143076
93478
90367
72833
125368
163293
95898
105397
50547
125066
88699
157370
81785
54701
155759
71959
50157
83904
51104
161061
58275
67427
75798
98341
97501
139109
150826
53813
72785
174963
52397
97116
81791
171109
81163
88765
78022
127438
111437
51040
173747
87237
81579
49180
112157
144612
67286
112853
140400
98863
62062
51803
154868
97320
79236
50508
72894
50776
168708
138348
108356
69079
87344
100895
119601
101012
106770
113499
52260
64020
140354
87954
106291
171282
151866
110922
157967
123220
140369
161516
99291
55143
97885
78404
67627
79873
112234
49547
170343
126564
100967
115948
76797
90372
48576
106153
72700
59964
79491
103739
49575
123822
93386
50811
62207
89015
56998
105987
61467
129562
123017
60417
98122
57939
89183
52632
112024
168746
50594
48479
147542
85391
78182
140962
57367
108108
57179
79797
51370
170983
87132
50633
165613
48942
59001
91622
155767
68345
139025
84068
105151
156850
48250
114344
50559
92406
100176
73787
76656
60461
61847
75242
121662
128235
106279
91438
48703
63255
99106
93304
115354
137864
58572
61964
163953
87158
73215
48544
85908
95910
61760
82880
64376
105573
150145
50104
135988
81590
62051
98468
80211
123906
49241
121535
124284
49737
171811
75304
121514
121390
67679
103689
49020
122173
124884
122626
81071
57867
131442
57659
120492
65966
86293
157915
94708
50576
78576
57189
48298
75569
48374
83377
69331
60512
85579
54659
71645
112887
67102
57566
69722
131462
112668
170955
80256
64795
100446
112101
130534
124235
64231
72595
89338
54826
49227
49952
54891
166201
96143
115862
161983
65978
98401
105817
53644
173407
152842
165092
69340
62758
123101
127571
79367
136816
154955
135397
84534
99018
62190
84067
74823
53728
116985
163664
168547
62662
138863
96832
80129
172852
80110
72332
127689
61350
169892
115465
164071
57596
108240
54696
69404
73248
70604
134552
136951
119377
76216
133152
99526
118720
103863
72407
122239
84397
104686
157666
127447
50893
59326
116516
117221
67320
98511
63898
79200
48309
144178
83358
65317
132697
68001
161577
99871
136854
64073
121593
113016
121342
51146
75013
115476
95931
101031
79028
122131
138857
79145
128673
77490
63253
97448
108935
112029
94357
97235
97114
79819
78239
154966
91999
173358
151370
66565
48788
54661
154713
59825
120993
82597
88032
60438
115156
111836
62890
58331
53528
118034
121350
53285
78865
87010
82364
71545
68774
52277
80384
81544
55058
52826
148187
78615
101041
72763
97081
70139
113417
134167
100059
152650
122714
63446
165015
84197
117522
80790
74734
58530
142778
99430
60444
82275
96104
92346
53764
49115
60248
80075
93177
61174
49193
97984
137060
99146
91898
147901
84256
146995
86981
98149
142144
85601
122739
91233
113088
77755
80624
84999
60368
60449
83143
52251
159194
64717
102505
50574
82248
60753
112843
105401
63056
82936
84949
118637
61659
169051
50553
78791
51051
94932
67805
98513
116674
76516
50155
50720
107737
67347
66706
87820
48967
50369
103489
88209
104460
48635
106725
115427
80701
172768
87201
118706
85774
100393
97918
149215
124602
55386
114093
101026
57863
50606
52752
152249
97873
83274
82208
64146
131522
67729
65123
94691
49315
119678
140309
113524
93519
58555
169815
113930
77288
62247
80767
122855
79654
140282
121792
60515
48473
50497
72354
73548
97477
60695
93484
165365
114683
50919
61854
156081
54422
60609
81711
93690
65431
100869
49718
79729
68611
74137
54441
97545
79996
79216
80147
98701
129490
149307
63622
86672
106718
52301
48563
61460
55979
168345
114245
136503
139540
98166
63090
131607
48420
154706
68171
78914
49945
100510
80343
84883
57654
48749
49294
78987
97901
166970
50548
88285
63970
114131
70357
63897
123631
122299
83369
63817
81650
78436
96193
170896
98649
93584
77957
160381
114096
95903
83611
89493
98770
86499
93052
55297
68371
67995
53442
75729
77812
125022
50525
67452
61337
79803
98788
145228
108248
51582
174570
138360
127467
58335
114765
77417
100734
107412
95935
105349
98706
57752
112471
74312
87213
99623
170901
67614
98800
80729
49651
51996
58103
116920
88726
72834
127954
103627
118773
62940
67229
107700
123065
89324
61721
88803
65214
152819
139471
121511
123683
79067
59998
122418
79142
111809
48747
50752
170301
64738
95909
169438
59470
62600
51019
82321
132244
116326
114334
74826
130199
83733
66958
166579
48835
119584
67296
52129
61900
98966
60114
88178
87545
165199
80332
80485
72382
66822
78351
122169
66875
139029
79317
82580
117805
115415
87757
146329
132415
91775
67084
133573
139649
105923
160614
78693
66635
70261
52547
158324
127473
121404
60988
79086
100722
82757
50537
67420
94876
112827
69275
67994
85592
60056
50262
123973
71743
119666
73166
120302
118014
52333
48918
148321
149447
53002
64045
133020
62989
62891
58661
64921
129589
63406
115898
103665
51750
98867
63164
167657
48817
91791
72312
99603
95855
160734
149464
147965
166580
54119
50159
61394
82788
48982
81066
108485
59995
148375
64005
149965
103550
115243
142917
170629
167114
113056
86683
152795
61930
79982
52157
166015
65918
108250
101565
112922
63562
160648
141150
98350
80130
61148
105837
59613
48136
96603
108100
83682
106038
94974
78582
170849
48597
48447
120502
113742
107370
107458
121148
48490
61395
107263
137356
131032
107771
136882
72990
48458
87997
61987
104447
73530
72913
170548
99655
87061
104930
89462
63785
127839
87431
143292
115655
76149
50617
106122
63513
49444
118527
108719
48456
74547
113928
166288
99625
52091
118450
113736
169758
48728
98376
82425
52978
100592
126968
105772
64213
88487
84401
168897
169835
60718
93748
163415
50096
112692
56439
113692
76778
121147
51465
167078
49127
52963
80268
109634
58338
89836
63103
58210
50987
168450
99631
76848
62494
78454
150556
49230
84575
162752
145930
79623
122015
136552
48305
96157
100630
156752
101823
103328
115821
57942
129552
53605
94670
78670
126451
140877
103155
107490
99954
129346
67499
79415
95860
100878
122410
104078
79712
96404
98715
89442
86395
52493
86329
48335
50914
165916
70979
50302
94087
101015
83216
167983
78614
50552
78794
141050
51253
92651
62438
53216
118258
76832
63991
157689
121166
59081
91858
98870
167683
64222
95041
80450
55128
146020
118677
94528
113269
79285
77317
65248
55091
69299
116121
104882
103708
141127
65154
96009
153390
114940
139232
122872
123287
118112
50975
143970
54685
124779
98126
104333
114079
74517
48355
82235
108570
80212
103660
54264
120355
95064
95965
72669
135661
69207
52504
116004
48551
112494
110638
48211
98097
80405
164289
79062
161056
115905
98874
79290
137846
59948
121178
51032
53279
48944
137768
55749
84731
73445
52800
101019
96069
51060
115191
78339
94643
86100
78976
79069
100846
163178
90630
154950
48776
73038
66009
87929
63488
123701
167819
110499
119484
167315
86618
105793
152211
156388
130299
99924
155877
61345
164277
78889
76355
86492
120561
122216
86431
120441
120472
80599
118835
141282
163893
99912
95790
169745
145974
104751
138342
89160
90492
82598
114443
72730
134539
159381
95542
50753
162234
88761
50329
69101
65045
132521
62503
62505
132269
94754
61852
77135
78099
86181
110861
65258
98897
80277
105326
103240
50985
67460
82565
74731
86701
151779
170574
78912
80760
58243
103137
62956
116670
113162
107356
51790
72400
167141
77640
96843
83464
66399
117682
83635
82893
72806
118737
75952
84064
61312
72302
94860
53126
78622
57850
141256
48157
148797
94267
50414
159738
97002
169659
116267
121887
96639
61903
77998
60527
108146
72916
95923
87481
128883
54070
100913
79280
96504
80750
53854
61106
64445
48569
101387
121524
48463
124034
97733
103087
106867
159828
86459
90914
94647
83223
130483
98890
125336
139971
48834
63228
62415
119349
93842
113584
83153
121748
145077
88788
62876
100282
94976
80360
129760
99178
63115
89344
67020
89827
79363
97852
74456
73169
92460
60564
105953
116035
90520
102272
80072
72922
68808
65393
69688
74564
119515
94173
60330
89560
121339
73675
58401
83544
104257
48441
122854
70093
103687
111912
118145
51082
78490
74198
60802
48953
80563
115827
58211
49156
97724
118780
60639
79323
50451
51252
79260
110173
86945
159136
94673
59766
63850
58681
107773
89951
53056
100599
76891
113165
64103
115881
156134
103227
152961
96783
78809
101724
85366
78343
167836
55451
50741
113031
77817
134890
61255
119537
80439
131889
113480
116383
65383
70326
78304
63900
103385
67977
92481
52710
115114
129418
145260
49277
58638
61213
67646
173638
129909
123294
125338
167605
53416
100193
172716
102159
102177
149206
145193
88137
141848
93209
130662
58200
60899
81273
57266
120971
95017
110992
142351
166592
96145
95279
98956
114852
133446
83275
76985
105131
119192
80223
48244
57492
90165
58325
122909
117578
112205
85858
78906
100950
80820
131197
57640
61392
90352
91959
51530
63200
83001
48291
113796
167311
163817
118898
115975
111136
96852
96747
168241
107779
99012
67476
98631
77783
83156
68582
169070
61695
82971
60352
109624
154954
54013
78706
127495
61264
167799
121421
104886
85464
51037
61362
145175
67555
58631
110256
55414
86986
167646
63418
165044
72643
123308
48587
73914
105998
63630
50998
97595
89855
78820
53859
85317
90934
140798
64205
151127
110034
133048
99949
89746
63578
78088
114687
103270
100870
52282
106285
117469
117708
52065
120758
79036
103964
140269
167720
116600
101802
122912
61922
51016
79291
52477
59940
48543
126972
65073
98602
126657
63079
107385
84501
53179
101853
132672
149419
156550
78841
116171
63509
106759
142183
117623
94110
123889
163442
140894
55176
121697
73507
110314
138850
153461
78711
62328
94502
149964
57799
99666
97299
65301
151258
98493
63007
50282
80036
126611
133803
121963
129356
158415
145178
91597
77392
69578
68579
152846
126492
69720
51272
123213
155628
61253
101142
100072
153267
69244
118123
76349
80136
124722
88036
78446
172178
166634
137173
49507
124016
96259
102284
112456
115171
156014
135542
152675
93014
172453
66787
139002
107382
60709
119886
50076
64632
160703
79016
48290
144966
91656
56847
52996
49678
63951
111317
67748
89334
91452
80769
148512
174117
73583
53152
62560
85085
112833
112933
126665
52763
73099
50647
48757
98374
166087
48928
92275
82510
122127
135470
104956
60937
142322
92096
81089
129118
91006
67650
51992
48865
152975
89349
52150
56383
77528
61878
92094
50252
84352
64457
67370
89531
58016
121597
132209
72844
82673
163240
60766
94928
131422
131888
89720
99670
130093
97408
81307
52926
129158
142631
130533
93423
146774
173905
116032
123053
79822
79700
147745
84697
50771
77806
90699
69464
93810
174255
59956
119846
145267
83966
131866
80616
48486
63638
48402
146420
74064
127081
61638
86779
53286
144586
49032
50503
115702
69364
127440
74785
90716
113728
79573
66986
66149
156599
49209
168855
70513
143007
50756
115159
157664
141542
85538
63689
118798
48571
157181
97624
174033
48824
165274
52265
133234
174671
84178
103594
86250
169946
164186
120789
62441
60537
154279
83491
63663
90557
48715
90680
65684
49779
65152
103889
89078
77832
114645
98773
131367
49346
94551
97074
84385
54280
109551
98833
86661
53810
147225
78923
137568
142181
95160
68168
136321
134130
75812
53182
61502
68892
136983
50686
72597
139834
94916
67394
50527
97370
58391
62710
50922
69823
94156
109137
135365
61093
50769
100300
115925
134050
50608
61178
99681
99426
88893
112817
53726
49645
50101
107597
98784
67576
131917
81148
124449
115549
57847
146471
78911
50271
113156
50829
88681
140926
121632
53773
96797
57853
117603
62061
174571
116560
68161
77383
83276
53068
82483
105112
64706
98737
92889
63724
140983
137279
122261
50538
131265
84366
68793
63111
95947
96275
74001
81403
85351
137338
120425
107709
108707
63467
69624
50967
147172
139275
53189
72513
57982
116123
154394
145331
109561
104035
124302
60354
96752
142329
65209
48661
170638
73244
114637
89365
145489
113477
64407
115238
148550
49736
142523
68609
54910
121628
65351
67858
124945
84896
87958
116058
55572
82491
72282
100005
65985
77782
80978
60631
79427
80486
108608
64411
80284
68639
75705
74446
115910
49818
100066
63565
55440
50037
165541
103861
62886
48704
161073
72617
70147
134192
55637
80932
110449
96883
64316
75752
147576
60855
74269
79887
87100
68616
96533
93442
134748
61962
63163
52893
94602
64781
103331
107926
53750
112447
63273
89252
63555
83179
53106
62664
89152
75513
55349
58636
97222
135548
118024
157231
80175
142606
110357
52583
78142
133368
119478
163600
90207
58579
129387
52146
100388
99932
53263
57447
83260
126901
106914
48222
49957
151019
89345
86042
70232
69446
75982
119791
73610
127664
114776
105316
86894
113255
112607
117661
58169
88766
164657
143035
137595
48686
76641
118718
113671
61310
48619
58380
76278
61552
79620
124298
116293
72931
53767
84852
98112
57855
80547
98329
129501
168422
111074
99066
85370
167756
147549
72301
79888
160216
97060
173365
122704
60099
153096
60726
127754
134801
78076
53520
100414
111353
157182
96773
114159
164336
157917
164491
73575
69021
55089
135336
78348
85209
120332
86131
58314
115765
120317
63584
120354
73471
89848
82723
120571
67030
154773
53149
173569
149107
72934
109383
61198
73181
48809
49934
77847
72767
52390
81102
93234
67626
123592
61118
67147
115412
60969
48443
50051
115061
85758
121569
118850
64393
156424
50494
61094
128571
55085
88272
60216
81585
89583
63459
120640
106269
95863
115456
83421
115405
110994
99517
58562
65990
103361
86241
64153
138674
102839
84584
74023
137996
160875
59500
83135
97965
79434
118783
108386
83628
73561
60605
174308
168289
58080
53024
86075
140825
118249
58241
60425
150758
55597
68212
90709
85063
50044
142427
103602
154050
48970
65995
50828
94039
113845
49746
113444
111067
90702
140730
132320
123350
148829
53180
49334
63248
92855
97509
134723
74058
49175
51117
49017
95182
112466
63903
96084
113622
104977
124407
90307
113964
50188
89842
92156
60896
103191
72724
86438
84243
95124
48601
51439
102006
121961
78482
165176
48388
171681
50978
82042
131275
66930
172429
98769
81910
98074
71761
93571
58865
66916
131864
50461
90623
48910
49700
64287
88196
145360
138212
113895
136898
57391
52544
72949
124937
62634
145785
87961
120288
112259
102111
85970
48397
55978
72836
145174
53584
101465
53077
132294
123773
100063
94075
150471
129096
82293
111120
72311
73012
72683
48578
134043
48770
62655
101975
70402
97385
98492
95893
61220
83122
130060
120529
80372
159658
167591
142686
66913
76122
79760
53942
90449
49255
145519
103997
94721
160660
79386
101641
99033
116625
60922
114657
121743
162939
79140
97431
110898
120585
149138
50108
61710
112804
54821
50610
89507
51075
121099
70448
52480
81168
140035
80613
137228
48105
93452
57872
62782
128388
87667
60966
51620
67474
84845
62346
165590
63894
78431
151262
48448
63570
53431
100859
59482
92081
60292
170220
69016
48527
123240
121824
88388
111658
88427
82970
124919
64561
64633
171268
86980
80283
82126
80034
51177
56235
116667
61992
62740
153558
171617
60269
75818
94666
67675
49676
79263
61510
142909
125081
73594
95549
97096
154904
93259
158865
59610
48864
89594
64422
80514
64215
168635
83934
169647
50616
102983
164136
106815
63068
72610
48252
50024
50198
91794
93407
63168
68627
73231
152639
144817
106822
49624
80725
110607
111785
72284
59069
82855
61806
49194
62855
123004
138713
171930
166184
103684
48413
72796
53354
51280
79968
59355
54743
94831
89532
62492
79520
90127
95381
130899
77987
140486
87258
102601
52491
163413
95848
80689
89302
85362
75300
146464
81503
72798
121588
77776
140700
59087
77586
66197
103401
96176
137443
144606
83142
77787
142248
103441
138152
98963
115994
103278
80447
140756
53330
50641
93886
114173
146034
140841
52686
63780
88224
97893
94558
155720
85067
86282
103650
108252
130538
164425
51160
92251
95175
62017
98930
105090
121251
86569
129294
167100
114099
94582
161356
138457
63631
64577
75819
89632
116242
103678
73095
100408
75547
117762
139408
137714
75802
83643
102119
100382
98019
149980
55624
65998
145137
65486
49093
48739
97941
133265
116459
116444
170337
65046
161872
151540
100437
112285
75732
115392
174997
102901
55608
82046
102898
63362
50612
52933
73062
49123
61086
88143
67019
48963
137858
108770
64773
116460
109952
62942
82735
99550
173243
99348
103397
72708
117998
76462
48754
67186
79089
159768
85906
52131
96127
78337
83171
132767
94650
65297
50619
85174
62303
99273
130653
57317
138554
79649
98981
54665
102870
114560
120865
48377
116286
69547
48988
48528
59763
153718
65407
104550
60601
139273
106302
169617
83424
94542
147065
104754
55680
132811
58820
69456
161782
63137
113376
146876
48512
143412
88567
78858
53083
99833
50838
61420
49046
100693
112992
129301
55646
128914
67330
73563
119224
160815
60447
163878
166176
48258
116104
149308
158372
74352
80128
70835
52355
49977
120619
113759
66745
87359
126119
100851
147872
121900
101473
118194
105812
54006
103458
94549
57852
151309
124138
85379
96050
159820
95104
148080
108500
81811
48393
63045
157153
100890
103685
82299
51951
61256
169971
168445
63032
89352
116016
81381
90355
90086
89388
83677
59631
79055
93701
65485
98498
88311
117648
78012
108600
111588
119608
97457
167557
88795
106736
113113
95729
68792
113151
79199
172563
117604
113451
152382
113064
99176
80463
88640
121430
64731
78669
124282
77292
91076
57321
80009
145949
82080
82170
116013
69619
62285
154599
74678
123187
66803
79281
83901
121827
166798
102125
67047
58356
64615
65762
115991
48545
100383
139223
130016
170705
66980
61739
48732
70537
112818
120479
65080
138833
140007
106518
64718
60786
63033
145691
112993
145410
78433
85552
73157
68861
118791
80920
60264
157654
166920
108439
129747
174501
101068
68835
63039
52438
80230
73222
111509
50578
96850
98214
115950
165074
80091
83271
63990
75695
152712
112720
93375
83906
169388
104401
142507
111434
79614
85711
63149
86639
52124
118013
78659
57739
69716
123679
83512
53039
58765
106842
81662
120280
50177
67464
68905
164869
114498
105688
62596
131496
98189
48281
95825
158404
145619
66226
50596
114483
79543
106074
67721
63904
63742
111401
81103
98071
159971
84582
48363
80116
116690
119099
52490
48690
160046
108939
50621
103334
97700
100314
144992
132378
82688
150916
79224
147000
144452
62273
83446
173317
174067
51047
88772
72892
141747
101228
166709
48701
51181
86670
172515
103609
62754
80189
119461
68098
86093
55186
54723
138935
106205
94707
125315
78645
136963
99803
51860
73066
150876
70665
48504
55171
136840
49635
101139
166058
103575
48774
87309
142393
94504
67234
83058
93086
89311
127067
139266
138815
172343
144394
116140
98674
158767
115921
129840
52088
52387
49825
148706
102269
67430
53549
65527
82615
85749
70675
77975
115696
146374
98432
121924
94498
113447
62771
131620
115499
80869
79740
94220
52420
94520
104001
165294
83311
107053
120457
101327
69310
148981
145421
112796
54913
64613
80862
91199
69771
63014
72405
80090
158398
79802
52070
65256
48783
91014
131602
117698
65322
53483
50595
106262
120281
146044
139754
91464
78836
81390
97655
65837
163452
147826
110278
89664
160663
65283
164007
160691
160218
52897
172049
120558
131512
83180
84596
90983
73318
66268
108018
145185
50263
94479
83535
140733
119509
52273
75847
118861
59009
126471
83935
50305
113377
136786
80723
162459
98614
80774
111230
110891
64031
104438
83418
118113
143598
48539
50492
106326
63581
83320
78983
48521
50972
111817
67886
60089
164018
152469
102605
113548
113955
62009
84588
146477
52568
63415
135720
91492
114256
174013
163422
115381
161265
94204
112074
95199
72350
58064
49976
113330
81178
101833
79238
116085
93614
165830
48827
97417
119759
61001
54260
137697
112987
61041
103335
158048
60421
115457
154488
63867
150899
75362
64601
170195
52143
131942
53522
75683
75574
77784
111113
105051
137972
102195
127064
101036
60687
52132
58215
98607
80432
104735
74302
90855
125702
89947
138680
82682
80949
100299
99784
87771
117567
67780
142048
48548
145710
156525
120554
96897
113107
136893
106917
57096
135803
103221
107373
61932
56175
80145
125096
85007
55504
68163
79929
87663
55501
167256
92221
90102
113502
49915
118118
51769
48830
106437
129745
79804
98053
52278
49330
50757
116522
58442
147892
108286
92438
92037
110384
95937
60472
124095
111198
163225
157448
70318
48200
117107
75350
61028
48725
75684
89240
115198
100626
58011
173822
110066
113857
97488
50060
115420
60280
97130
112599
53197
103200
62796
122693
107798
72811
74111
128777
107695
69487
91629
112608
67426
117989
132633
93397
53889
95432
48713
48364
123214
79172
75034
70273
96955
132598
92555
142253
137709
125032
104096
52584
49024
145210
171618
164913
51251
49061
53199
149449
115730
130932
132423
91307
137663
118067
69560
105097
88314
63464
69159
94148
120519
63861
103059
83102
72687
66433
72430
66053
61033
116517
124357
54415
48766
123030
80685
121503
57789
60598
117592
74978
58526
77883
49457
49225
80108
62513
85444
97845
126344
63632
79275
115945
51233
124543
72371
112154
100735
52450
71033
101513
76243
140762
58226
48628
119630
100145
79947
96800
100757
72569
50991
90691
48649
153732
117551
170383
161472
91433
83161
153814
75986
97991
90913
83971
129114
60298
137839
116056
104328
58195
105920
130999
108762
112594
100266
163773
81796
58583
170963
163381
151772
97793
80535
91699
92940
60647
72801
63198
65412
51388
73831
93139
59808
97294
113227
84603
97804
111771
164366
50178
78444
83405
78402
160284
151548
131899
129229
67051
78075
64114
154382
93321
121105
59446
50341
50558
118380
100841
97354
118640
127534
123173
93373
103504
63083
114906
59075
48600
84728
95406
78847
77479
133176
80566
56406
48500
79461
62411
52160
55511
51801
53044
83442
172735
59975
51748
162449
98611
64984
107911
59474
99556
123042
88750
166603
103486
64642
82484
173010
113579
149705
80621
133541
94958
87634
169787
156467
123733
111146
151472
121993
106451
58517
113756
83624
68055
155484
58248
91342
52959
106780
62493
116168
94560
90385
115774
101684
62635
59031
48400
58644
96047
51587
141194
58522
49543
52481
157431
73591
90309
96219
112905
116018
164970
53066
145069
97770
153576
57581
101220
116052
111162
118891
92451
57572
125201
62418
141380
63579
106644
51378
48217
52083
81496
87007
80043
83426
110879
50618
62839
49417
103657
80329
48708
58919
121320
165221
129282
76142
149646
59837
103648
111534
107675
49834
81829
81383
63610
55093
50085
132600
102648
95639
93198
48985
77363
88700
98735
60874
61646
68623
53212
61451
83641
79611
49923
93709
52902
100565
101917
128769
83752
95916
48648
110957
118763
114585
123617
49319
59958
53091
86738
89364
110332
99262
96819
62487
129126
59054
152066
80297
67821
139368
51390
95215
96886
63592
136869
168188
54058
163384
77369
117581
90162
59845
53496
134589
94606
81762
78917
63829
126731
115516
85707
149218
116327
106315
172696
74241
81337
132689
69987
118349
169873
122651
167222
120576
73714
101164
156193
167331
91652
48810
131435
50141
120688
112952
48812
78638
88675
87127
112549
58640
103953
62279
103411
127983
52376
80805
148910
68185
60839
123060
159531
106721
88626
60693
105341
61947
80082
157418
140013
48139
97516
167904
95846
61716
68209
93425
154972
172308
73152
48983
66882
85347
145967
105844
159930
137299
101914
80759
138638
113793
99880
88435
48823
48295
112791
120259
97145
138261
152351
140041
167066
100886
67560
77571
116431
114195
123195
67493
48322
122989
87982
104238
60332
85923
163248
64281
173429
69146
60008
150628
122153
54374
48818
67384
160466
60416
91978
80878
94180
71367
120948
118031
89916
49524
78513
89419
50572
108692
80336
98990
151573
52293
51714
103920
61869
103928
125805
129648
68681
85703
97285
50704
95837
78834
99502
88165
104372
82421
67152
63905
58009
80153
90362
117031
67706
80828
129102
112965
77988
86055
127288
154943
113163
96250
87425
53456
98812
48679
61114
71931
53075
163183
54155
84578
58649
63431
89535
72491
134395
108911
129509
85139
121560
48320
63378
98896
104378
60106
50542
100829
149182
94297
99575
77712
130260
83903
101576
80752
74454
48278
77466
54942
53040
129323
102552
139772
148177
77303
73160
131460
100673
114579
52631
171238
58307
93523
138045
98495
49107
158742
78919
64264
77357
99938
95192
114576
97112
94281
107682
62590
136956
69240
130302
57451
68146
84217
133599
120418
86411
93324
84879
78516
51674
50629
100119
82056
103824
134509
75408
139341
49900
114706
51658
58811
126566
57828
53587
171723
78788
61434
54628
49212
73710
51604
148782
73293
82029
48857
103922
123720
62403
79628
74951
120307
89524
128009
91274
76759
118144
89839
78262
102090
80734
167609
52727
98050
167047
70670
148717
50041
124331
100436
74608
88534
115290
61668
58670
107866
102341
85401
163196
98532
64634
61370
63028
106775
131363
95618
112036
97699
95966
145940
64534
57921
83827
80160
72188
63474
59989
87239
98920
84709
53107
115462
112499
51964
95378
57940
101243
69093
149633
89154
105072
60428
146205
120509
147786
79817
111592
77802
100342
79444
92386
49059
104943
102906
100038
72868
145838
74331
49732
78981
118761
115240
69027
111106
82774
83543
110811
50340
51371
48897
63800
136094
74448
88287
72341
103966
105212
122259
62567
169588
145565
90753
82778
141860
103345
118092
121110
55060
108099
50603
49840
82403
97137
51067
128003
114161
172000
110644
63523
80604
103624
109560
78593
99464
169904
123607
62728
89298
109941
85763
72655
103103
72393
154474
155856
62073
173086
79726
97784
83991
51149
48808
61499
81236
103319
52101
60309
141919
97908
138222
168826
122591
170620
98036
130366
111103
140296
132635
107848
62083
139822
98364
99808
93537
142529
150018
60291
56208
79986
85972
68724
156432
105338
101966
136483
132851
80017
108859
130337
87107
53001
63662
96589
103568
79070
48614
53457
82385
50360
103168
57836
84592
53025
68645
88877
88840
104908
116554
75829
105059
118863
85625
78398
63182
85626
171280
51180
114112
49800
49181
103338
56098
121180
109247
113770
58420
83137
60091
112498
151534
74073
101474
131513
80433
165112
52696
173629
101426
112686
53184
99986
55216
102143
89357
53872
87614
48841
68869
56212
112896
109378
118909
94539
97212
65996
54855
69468
63769
81294
125127
48801
129774
168830
155003
78627
79360
87318
54072
74739
53797
122820
133205
87304
113971
92564
91783
51727
99899
83914
159654
136209
112863
106467
153076
168339
67013
60032
103616
76114
53099
166162
79000
65992
58205
142575
81200
133654
139225
83406
94998
120921
117126
115509
48329
100571
53393
68132
116091
56479
75965
76898
53401
118666
118260
101496
89716
83649
159195
63651
54774
52002
67211
64948
120381
80143
64313
49012
127529
96921
165740
94636
60046
62183
51980
93579
63438
79398
55692
49542
85606
97043
113748
106773
119596
158217
112892
70370
48382
161167
155179
95794
62667
77231
89520
121573
86833
63835
94017
48450
141961
53274
49095
96019
89411
62841
153029
66161
48315
113817
116643
101631
103856
98606
103844
95454
83503
125060
72932
122113
78379
104111
101199
119424
65887
104086
48643
144419
106616
169909
86650
112568
76625
48674
138423
140527
95039
123941
99944
48546
53801
49423
64446
111062
114948
84063
106296
49052
92629
90834
50039
80098
105641
101092
